model,attack_model,epsilon,Accuracy,Macro Precision,Weighted Precision,Macro Recall,Weighted Recall,Macro F1,Weighted F1
,,,,,,,,,
DNN,baseline,0,0.4205607476635514,0.41946191474493366,0.4469327377103784,0.41481892091648187,0.4205607476635514,0.4118794326241135,0.4285742692384172
DNN,BIM,0,0.7627682772868128,0.6241438933100957,0.9081637265235802,0.7970000682402043,0.7627682772868128,0.6305795984425071,0.8082430088999825
DNN,FGSM,0,0.6212121212121212,0.6155193992490613,0.6176167178670308,0.6071511492918504,0.6212121212121212,0.6059230952949606,0.6141556477118932
DNN,PGD,0,0.7627682772868128,0.6241438933100957,0.9081637265235802,0.7970000682402043,0.7627682772868128,0.6305795984425071,0.8082430088999825
DNN,DF,0,0.336,0.2101246105919003,0.19965856697819312,0.3565725383809113,0.336,0.25682432258193916,0.24246402814827125
DNN,AutoPGD,0,0.7845702920548518,0.6112675613048274,0.9297921057545335,0.8175730624843713,0.7845702920548518,0.620710612006397,0.832953131170927
DNN,ZOO,0,0.4517543859649123,0.5110859158478206,0.5937904726542989,0.5121323529411764,0.4517543859649123,0.4499662259963331,0.46262089654320104
DNN,CaFA,0,0.29752889597449184,0.40920578429892784,0.6785524356103823,0.3042826547573383,0.29752889597449184,0.26063014628642256,0.3866981313937422
DNN,SINIFGSM,0,0.8321004644761741,0.6887281936366589,0.920926593176746,0.8679770522117362,0.8321004644761741,0.7220042437760139,0.85813929508953
DNN,VNIFGSM,0,0.7404410457051396,0.7478377145463877,0.8113122119153355,0.7811801207076412,0.7404410457051396,0.7342167063697126,0.748307366480592
model,attack_model,epsilon,Accuracy,Macro Precision,Weighted Precision,Macro Recall,Weighted Recall,Macro F1,Weighted F1
,,,,,,,,,
DNN_input100,baseline,0,0.6460674157303371,0.6729671913150603,0.6662207161150496,0.5779237302568438,0.6460674157303371,0.5455488289003573,0.585859183687124
DNN_input100,BIM,0,0.7125423728813559,0.7074591162629525,0.7135048830102844,0.7086094948352023,0.7125423728813559,0.7079480713551882,0.7129397178782136
DNN_input100,FGSM,0,0.7303532804614276,0.7296037695437996,0.7299864312359218,0.7246093504469056,0.7303532804614276,0.7257861595324486,0.7288734312218701
DNN_input100,PGD,0,0.7125423728813559,0.7074591162629525,0.7135048830102844,0.7086094948352023,0.7125423728813559,0.7079480713551882,0.7129397178782136
DNN_input100,DF,0,0.9464882943143813,0.7328941993464052,0.9682836101274399,0.9146112356826859,0.9464882943143813,0.7928533541172778,0.9539463011200661
DNN_input100,AutoPGD,0,0.9127686472819216,0.8215539684590091,0.9182299083069876,0.8557060169455107,0.9127686472819216,0.837155388471178,0.9149664352621968
DNN_input100,ZOO,0,0.7802257581939345,0.8064787313719006,0.7943271482476776,0.7154095497220403,0.7802257581939345,0.729623894212067,0.7616457590959083
DNN_input100,CaFA,0,0.19846153846153847,0.5003260059612519,0.9672493694829759,0.5029876227059326,0.19846153846153847,0.17438484173982577,0.31060254931852455
DNN_input100,SINIFGSM,0,0.7378497790868925,0.7405313883823912,0.757609005474778,0.7482258064516129,0.7378497790868925,0.736362446557892,0.7398912158914029
DNN_input100,VNIFGSM,0,0.6829599456890699,0.6759809524532829,0.6817921460241175,0.6743817637231144,0.6829599456890699,0.6750370483397572,0.6822365507136979
DNN_input50,baseline,0,0.647159333618112,0.6645001217730151,0.6598529870436841,0.5740127749140501,0.647159333618112,0.5426652980520893,0.5868348054897378
DNN_input50,BIM,0,0.7193841847445767,0.7165775401069518,0.718022026547116,0.7054098380280847,0.7193841847445767,0.7078447117725485,0.7156866775598775
DNN_input50,FGSM,0,0.7207743857036486,0.7197041195586604,0.7202003582474393,0.7041862210527268,0.7207743857036486,0.7069195785577738,0.7156974529481397
DNN_input50,PGD,0,0.7193841847445767,0.7165775401069518,0.718022026547116,0.7054098380280847,0.7193841847445767,0.7078447117725485,0.7156866775598775
DNN_input50,DF,0,0.9453503746143676,0.7405406868120232,0.9643203618529261,0.8964033659066233,0.9453503746143676,0.795096102867064,0.9520008467555244
DNN_input50,AutoPGD,0,0.8994265549183944,0.7928899273681725,0.9069401161428279,0.8307725665854248,0.8994265549183944,0.809842933786288,0.9024779250469301
DNN_input50,ZOO,0,0.7724654377880185,0.78854052800689,0.7807039215251902,0.7022340909082665,0.7724654377880185,0.7161042583636725,0.753046880171227
DNN_input50,CaFA,0,0.18791946308724833,0.4931375442739079,0.9755790274399182,0.3429054054054054,0.18791946308724833,0.1603483606557377,0.3104576961161844
DNN_input50,SINIFGSM,0,0.5737898465171193,0.5875984581866934,0.7850242844895252,0.643346862659061,0.5737898465171192,0.5345254097699321,0.6189599099295336
DNN_input50,VNIFGSM,0,0.6850094876660342,0.6981242092237532,0.6972695419761715,0.6824894345905104,0.6850094876660342,0.6777684464875059,0.6786544810620938
DNN_input20,baseline,0,0.635408245755861,0.6614864011086287,0.6556333040183407,0.5780852913825691,0.635408245755861,0.545164230601157,0.5782482434164931
DNN_input20,BIM,0,0.7310664605873262,0.7213269794721408,0.734078671241507,0.7250223613595707,0.7310664605873262,0.7227586716412397,0.7321791108926056
DNN_input20,FGSM,0,0.782608695652174,0.7732791150421208,0.7837583122202374,0.7756910347335879,0.782608695652174,0.7743810498637378,0.7830861929523957
DNN_input20,PGD,0,0.7310664605873262,0.7213269794721408,0.734078671241507,0.7250223613595707,0.7310664605873262,0.7227586716412397,0.7321791108926056
DNN_input20,DF,0,0.9529724933451642,0.7139939066611273,0.9733640064649259,0.9069124423963133,0.9529724933451642,0.7755528417097228,0.9602321796895286
DNN_input20,AutoPGD,0,0.9043329043329044,0.8096867965825572,0.9122147830172851,0.851752176713544,0.9043329043329044,0.828328973962668,0.9073711014205604
DNN_input20,ZOO,0,0.7681892778993435,0.7901254687863974,0.7803503573705085,0.7091162167290221,0.7681892778993435,0.7206269946918669,0.7499494497021111
DNN_input20,CaFA,0,0.19938650306748465,0.5002995708849486,0.9324164407839608,0.5012787723785166,0.19938650306748465,0.1831221198156682,0.29025490514828534
DNN_input20,SINIFGSM,0,0.7768595041322314,0.7737361147555322,0.8177038267506052,0.801164385209421,0.7768595041322314,0.7708468356241636,0.782074573756576
DNN_input20,VNIFGSM,0,0.7194744976816074,0.7211487242147995,0.7205125181321864,0.7108989791987673,0.7194744976816074,0.7121072918575595,0.7161645936157308
model,attack_model,epsilon,Accuracy,Macro Precision,Weighted Precision,Macro Recall,Weighted Recall,Macro F1,Weighted F1
,,,,,,,,,
DNN_input100,baseline,0,0.6460674157303371,0.6729671913150603,0.6662207161150496,0.5779237302568438,0.6460674157303371,0.5455488289003573,0.585859183687124
DNN_input100,BIM,0,0.7125423728813559,0.7074591162629525,0.7135048830102844,0.7086094948352023,0.7125423728813559,0.7079480713551882,0.7129397178782136
DNN_input100,FGSM,0,0.7303532804614276,0.7296037695437996,0.7299864312359218,0.7246093504469056,0.7303532804614276,0.7257861595324486,0.7288734312218701
DNN_input100,PGD,0,0.7125423728813559,0.7074591162629525,0.7135048830102844,0.7086094948352023,0.7125423728813559,0.7079480713551882,0.7129397178782136
DNN_input100,DF,0,0.9464882943143813,0.7328941993464052,0.9682836101274399,0.9146112356826859,0.9464882943143813,0.7928533541172778,0.9539463011200661
DNN_input100,AutoPGD,0,0.9127686472819216,0.8215539684590091,0.9182299083069876,0.8557060169455107,0.9127686472819216,0.837155388471178,0.9149664352621968
DNN_input100,ZOO,0,0.7802257581939345,0.8064787313719006,0.7943271482476776,0.7154095497220403,0.7802257581939345,0.729623894212067,0.7616457590959083
DNN_input100,CaFA,0,0.19846153846153847,0.5003260059612519,0.9672493694829759,0.5029876227059326,0.19846153846153847,0.17438484173982577,0.31060254931852455
DNN_input100,SINIFGSM,0,0.7378497790868925,0.7405313883823912,0.757609005474778,0.7482258064516129,0.7378497790868925,0.736362446557892,0.7398912158914029
DNN_input100,VNIFGSM,0,0.6829599456890699,0.6759809524532829,0.6817921460241175,0.6743817637231144,0.6829599456890699,0.6750370483397572,0.6822365507136979
DNN_input50,baseline,0,0.647159333618112,0.6645001217730151,0.6598529870436841,0.5740127749140501,0.647159333618112,0.5426652980520893,0.5868348054897378
DNN_input50,BIM,0,0.7193841847445767,0.7165775401069518,0.718022026547116,0.7054098380280847,0.7193841847445767,0.7078447117725485,0.7156866775598775
DNN_input50,FGSM,0,0.7207743857036486,0.7197041195586604,0.7202003582474393,0.7041862210527268,0.7207743857036486,0.7069195785577738,0.7156974529481397
DNN_input50,PGD,0,0.7193841847445767,0.7165775401069518,0.718022026547116,0.7054098380280847,0.7193841847445767,0.7078447117725485,0.7156866775598775
DNN_input50,DF,0,0.9453503746143676,0.7405406868120232,0.9643203618529261,0.8964033659066233,0.9453503746143676,0.795096102867064,0.9520008467555244
DNN_input50,AutoPGD,0,0.8994265549183944,0.7928899273681725,0.9069401161428279,0.8307725665854248,0.8994265549183944,0.809842933786288,0.9024779250469301
DNN_input50,ZOO,0,0.7724654377880185,0.78854052800689,0.7807039215251902,0.7022340909082665,0.7724654377880185,0.7161042583636725,0.753046880171227
DNN_input50,CaFA,0,0.18791946308724833,0.4931375442739079,0.9755790274399182,0.3429054054054054,0.18791946308724833,0.1603483606557377,0.3104576961161844
DNN_input50,SINIFGSM,0,0.5737898465171193,0.5875984581866934,0.7850242844895252,0.643346862659061,0.5737898465171192,0.5345254097699321,0.6189599099295336
DNN_input50,VNIFGSM,0,0.6850094876660342,0.6981242092237532,0.6972695419761715,0.6824894345905104,0.6850094876660342,0.6777684464875059,0.6786544810620938
DNN_input20,baseline,0,0.6359143327841845,0.6570927276746242,0.6522016434043147,0.5793069585910409,0.6359143327841845,0.5489746635095868,0.5815974287158149
DNN_input20,BIM,0,0.7168949771689498,0.7167788677524692,0.7168346605889598,0.7159534958285183,0.7168949771689498,0.71612576268465,0.7166250773498972
DNN_input20,FGSM,0,0.7779056386651323,0.7950488737781556,0.8060441900920257,0.7901574254667039,0.7779056386651323,0.7777066475808001,0.7769948717791504
DNN_input20,PGD,0,0.7168949771689498,0.7167788677524692,0.7168346605889598,0.7159534958285183,0.7168949771689498,0.71612576268465,0.7166250773498972
DNN_input20,DF,0,0.9003451251078516,0.6735169105538624,0.9299202324476575,0.7808670606289654,0.9003451251078516,0.7093823932161111,0.9120325727755206
DNN_input20,AutoPGD,0,0.878173719376392,0.7797576240781343,0.8860897966069041,0.811406616531958,0.878173719376392,0.7939132830245106,0.8814314373962663
DNN_input20,ZOO,0,0.7433099117954851,0.7584256243405423,0.7517793318171483,0.6700514878568749,0.7433099117954851,0.6779167674490182,0.7178599588033134
DNN_input20,CaFA,0,0.16798732171156894,0.49074074074074076,0.9783706051534895,0.08426073131955485,0.16798732171156894,0.14382632293080055,0.28674091005855323
DNN_input20,SINIFGSM,0,0.6659919028340081,0.6760662637808198,0.6738624973237047,0.6505580504556862,0.6659919028340081,0.6461425588351487,0.6532679643732008
DNN_input20,VNIFGSM,0,0.6961038961038961,0.7011320754716981,0.7065836804704729,0.7013728109679798,0.6961038961038961,0.6961002511977056,0.696194107532112
DNN_input1,baseline,0,0.5713422007255139,0.6018994855559953,0.5990270017307636,0.5454034515439378,0.5713422007255139,0.4856845625898265,0.5004049863287001
DNN_input1,BIM,0,0.7361111111111112,0.712962962962963,0.7271090534979424,0.6761702127659575,0.7361111111111112,0.6850103615012664,0.723776447412183
DNN_input1,FGSM,0,0.7045454545454546,0.7382352941176471,0.7298128342245991,0.6705263157894736,0.7045454545454546,0.6656925774400935,0.6812337282822379
DNN_input1,PGD,0,0.7361111111111112,0.712962962962963,0.7271090534979424,0.6761702127659575,0.7361111111111112,0.6850103615012664,0.723776447412183
DNN_input1,DF,0,0.8418131359851989,0.5488126649076517,0.9845569552281065,0.9195294117647059,0.8418131359851989,0.5451859105582237,0.8999153760172868
DNN_input1,AutoPGD,0,0.8196017180788754,0.6240658695420092,0.8196017180788754,0.6240658695420092,0.8196017180788754,0.6240658695420092,0.8196017180788754
DNN_input1,ZOO,0,0.6356624319419237,0.6541307585058531,0.649914358182179,0.5849752312551101,0.6356624319419237,0.5587841691895924,0.5873628277344808
DNN_input1,CaFA,0,0.2401129943502825,0.5018518518518519,0.9971856036827789,0.6189801699716714,0.2401129943502825,0.19590971653423628,0.38337422004325145
DNN_input1,SINIFGSM,0,0.9696969696969697,0.9669890664423886,0.9700155465504497,0.9705508474576271,0.9696969696969697,0.9686609686609686,0.9697545253100809
DNN_input1,VNIFGSM,0,0.515625,0.6142857142857143,0.6607142857142857,0.5875,0.515625,0.5058530510585305,0.48848069738480693
model,attack_model,epsilon,Accuracy,Macro Precision,Weighted Precision,Macro Recall,Weighted Recall,Macro F1,Weighted F1
,,,,,,,,,
"XGB['100', '50', '20', '1']",baseline,0,0.6460674157303371,0.6729671913150603,0.6662207161150496,0.5779237302568438,0.6460674157303371,0.5455488289003573,0.585859183687124
"XGB['100', '50', '20', '1']",BIM,0,0.7125423728813559,0.7074591162629525,0.7135048830102844,0.7086094948352023,0.7125423728813559,0.7079480713551882,0.7129397178782136
"XGB['100', '50', '20', '1']",FGSM,0,0.7303532804614276,0.7296037695437996,0.7299864312359218,0.7246093504469056,0.7303532804614276,0.7257861595324486,0.7288734312218701
"XGB['100', '50', '20', '1']",PGD,0,0.7125423728813559,0.7074591162629525,0.7135048830102844,0.7086094948352023,0.7125423728813559,0.7079480713551882,0.7129397178782136
"XGB['100', '50', '20', '1']",DF,0,0.9464882943143813,0.7328941993464052,0.9682836101274399,0.9146112356826859,0.9464882943143813,0.7928533541172778,0.9539463011200661
"XGB['100', '50', '20', '1']",AutoPGD,0,0.9127686472819216,0.8215539684590091,0.9182299083069876,0.8557060169455107,0.9127686472819216,0.837155388471178,0.9149664352621968
"XGB['100', '50', '20', '1']",ZOO,0,0.7802257581939345,0.8064787313719006,0.7943271482476776,0.7154095497220403,0.7802257581939345,0.729623894212067,0.7616457590959083
"XGB['100', '50', '20', '1']",CaFA,0,0.19846153846153847,0.5003260059612519,0.9672493694829759,0.5029876227059326,0.19846153846153847,0.17438484173982577,0.31060254931852455
"XGB['100', '50', '20', '1']",SINIFGSM,0,0.7378497790868925,0.7405313883823912,0.757609005474778,0.7482258064516129,0.7378497790868925,0.736362446557892,0.7398912158914029
"XGB['100', '50', '20', '1']",VNIFGSM,0,0.6829599456890699,0.6759809524532829,0.6817921460241175,0.6743817637231144,0.6829599456890699,0.6750370483397572,0.6822365507136979
"XGB['100', '50', '20', '1']",baseline,0,0.64214463840399,0.6726094688159248,0.665232039613467,0.5730927615883089,0.64214463840399,0.5364208533478344,0.5776430080085461
"XGB['100', '50', '20', '1']",BIM,0,0.6662020905923345,0.6635808674535405,0.6653839053351387,0.662319614447274,0.6662020905923345,0.66271065096626,0.6655564134012112
"XGB['100', '50', '20', '1']",FGSM,0,0.7007874015748031,0.7142879586498354,0.7153975934779202,0.7030323929929716,0.7007874015748031,0.6974188435456041,0.696815519719479
"XGB['100', '50', '20', '1']",PGD,0,0.6662020905923345,0.6635808674535405,0.6653839053351387,0.662319614447274,0.6662020905923345,0.66271065096626,0.6655564134012112
"XGB['100', '50', '20', '1']",DF,0,0.9158995815899582,0.6929087912038011,0.9640106082828619,0.933781484002723,0.9158995815899582,0.7529644624473997,0.9317649795899289
"XGB['100', '50', '20', '1']",AutoPGD,0,0.8883821932681868,0.7579008862014065,0.9048494455715335,0.822534825897298,0.8883821932681868,0.7840281746892046,0.8945762774700008
"XGB['100', '50', '20', '1']",ZOO,0,0.7566289236061344,0.7755837536750994,0.7670361898942913,0.6856215687684848,0.7566289236061344,0.6961367875456297,0.7337379064910446
"XGB['100', '50', '20', '1']",CaFA,0,0.20658682634730538,0.5028142589118199,0.9955342598105853,0.6015037593984962,0.20658682634730538,0.17434701492537313,0.33603455402627586
"XGB['100', '50', '20', '1']",SINIFGSM,0,0.45170731707317074,0.4957293171033629,0.5462387697695834,0.4956129940150218,0.45170731707317074,0.4514770744936125,0.4550622803753042
"XGB['100', '50', '20', '1']",VNIFGSM,0,0.6325857519788918,0.6378137360793511,0.6374468600021258,0.6308328400821699,0.6325857519788918,0.6271528152785695,0.6278653315671364
"XGB['100', '50', '20', '1']",baseline,0,0.6359143327841845,0.6570927276746242,0.6522016434043147,0.5793069585910409,0.6359143327841845,0.5489746635095868,0.5815974287158149
"XGB['100', '50', '20', '1']",BIM,0,0.7168949771689498,0.7167788677524692,0.7168346605889598,0.7159534958285183,0.7168949771689498,0.71612576268465,0.7166250773498972
"XGB['100', '50', '20', '1']",FGSM,0,0.7779056386651323,0.7950488737781556,0.8060441900920257,0.7901574254667039,0.7779056386651323,0.7777066475808001,0.7769948717791504
"XGB['100', '50', '20', '1']",PGD,0,0.7168949771689498,0.7167788677524692,0.7168346605889598,0.7159534958285183,0.7168949771689498,0.71612576268465,0.7166250773498972
"XGB['100', '50', '20', '1']",DF,0,0.9003451251078516,0.6735169105538624,0.9299202324476575,0.7808670606289654,0.9003451251078516,0.7093823932161111,0.9120325727755206
"XGB['100', '50', '20', '1']",AutoPGD,0,0.878173719376392,0.7797576240781343,0.8860897966069041,0.811406616531958,0.878173719376392,0.7939132830245106,0.8814314373962663
"XGB['100', '50', '20', '1']",ZOO,0,0.7433099117954851,0.7584256243405423,0.7517793318171483,0.6700514878568749,0.7433099117954851,0.6779167674490182,0.7178599588033134
"XGB['100', '50', '20', '1']",CaFA,0,0.16798732171156894,0.49074074074074076,0.9783706051534895,0.08426073131955485,0.16798732171156894,0.14382632293080055,0.28674091005855323
"XGB['100', '50', '20', '1']",SINIFGSM,0,0.6659919028340081,0.6760662637808198,0.6738624973237047,0.6505580504556862,0.6659919028340081,0.6461425588351487,0.6532679643732008
"XGB['100', '50', '20', '1']",VNIFGSM,0,0.6961038961038961,0.7011320754716981,0.7065836804704729,0.7013728109679798,0.6961038961038961,0.6961002511977056,0.696194107532112
"XGB['100', '50', '20', '1']",baseline,0,0.5713422007255139,0.6018994855559953,0.5990270017307636,0.5454034515439378,0.5713422007255139,0.4856845625898265,0.5004049863287001
"XGB['100', '50', '20', '1']",BIM,0,0.7361111111111112,0.712962962962963,0.7271090534979424,0.6761702127659575,0.7361111111111112,0.6850103615012664,0.723776447412183
"XGB['100', '50', '20', '1']",FGSM,0,0.7045454545454546,0.7382352941176471,0.7298128342245991,0.6705263157894736,0.7045454545454546,0.6656925774400935,0.6812337282822379
"XGB['100', '50', '20', '1']",PGD,0,0.7361111111111112,0.712962962962963,0.7271090534979424,0.6761702127659575,0.7361111111111112,0.6850103615012664,0.723776447412183
"XGB['100', '50', '20', '1']",DF,0,0.8418131359851989,0.5488126649076517,0.9845569552281065,0.9195294117647059,0.8418131359851989,0.5451859105582237,0.8999153760172868
"XGB['100', '50', '20', '1']",AutoPGD,0,0.8196017180788754,0.6240658695420092,0.8196017180788754,0.6240658695420092,0.8196017180788754,0.6240658695420092,0.8196017180788754
"XGB['100', '50', '20', '1']",ZOO,0,0.6356624319419237,0.6541307585058531,0.649914358182179,0.5849752312551101,0.6356624319419237,0.5587841691895924,0.5873628277344808
"XGB['100', '50', '20', '1']",CaFA,0,0.2401129943502825,0.5018518518518519,0.9971856036827789,0.6189801699716714,0.2401129943502825,0.19590971653423628,0.38337422004325145
"XGB['100', '50', '20', '1']",SINIFGSM,0,0.9696969696969697,0.9669890664423886,0.9700155465504497,0.9705508474576271,0.9696969696969697,0.9686609686609686,0.9697545253100809
"XGB['100', '50', '20', '1']",VNIFGSM,0,0.515625,0.6142857142857143,0.6607142857142857,0.5875,0.515625,0.5058530510585305,0.48848069738480693
"RF['100', '50', '20', '1']",baseline,0,0.8692098092643051,0.9008654836409729,0.8789210625213566,0.7320328047762727,0.8692098092643051,0.7751968431366154,0.8521765611877996
"RF['100', '50', '20', '1']",BIM,0,0.7578947368421053,0.5405071119356833,0.8031618936022803,0.5569494472736306,0.7578947368421053,0.5430216527451139,0.7781568917021285
"RF['100', '50', '20', '1']",FGSM,0,0.7917933130699089,0.5790685043112227,0.8958683539142122,0.6847867479055598,0.7917933130699089,0.5876117934993939,0.8319240220999669
"RF['100', '50', '20', '1']",PGD,0,0.7578947368421053,0.5405071119356833,0.8031618936022803,0.5569494472736306,0.7578947368421053,0.5430216527451139,0.7781568917021285
"RF['100', '50', '20', '1']",DF,0,0.9521492295214923,0.7698288969724965,0.964232838306416,0.8900891319604394,0.9521492295214923,0.8166145267451328,0.9564965690445075
"RF['100', '50', '20', '1']",AutoPGD,0,0.9960217755443886,0.9877042409010006,0.9960094593529127,0.9840246829998478,0.9960217755443886,0.9858561124727722,0.9960142435638464
"RF['100', '50', '20', '1']",ZOO,0,0.9852442083517781,0.9894039667320096,0.9854237232183429,0.9654365944560417,0.9852442083517781,0.9768491063215297,0.9850590676552031
"RF['100', '50', '20', '1']",CaFA,0,0.8136645962732919,0.8100092678405931,0.8399829609887233,0.8311881188118813,0.8136645962732919,0.8097826086956522,0.8167026735079667
"RF['100', '50', '20', '1']",SINIFGSM,0,0.9117117117117117,0.8629506859999291,0.9161290868633017,0.8899055489964581,0.9117117117117117,0.875266597867217,0.9132909999783064
"RF['100', '50', '20', '1']",VNIFGSM,0,0.7154255319148937,0.5553494124922697,0.7112313977815498,0.5537115235632373,0.7154255319148937,0.5544629014396456,0.713288859828939
"RF['100', '50', '20', '1']",baseline,0,0.7819077474249888,0.820566178630455,0.8012486706083414,0.6682983158927404,0.7819077474249888,0.6851236881613483,0.749620335085826
"RF['100', '50', '20', '1']",BIM,0,0.8321678321678322,0.49177489177489175,0.9201162473889746,0.4751722499406035,0.8321678321678322,0.47402298850574714,0.8731420303834098
"RF['100', '50', '20', '1']",FGSM,0,0.8287671232876712,0.49885714285714283,0.9271056751467711,0.4961177612423164,0.8287671232876712,0.4812209075080837,0.8738463395603374
"RF['100', '50', '20', '1']",PGD,0,0.8321678321678322,0.49177489177489175,0.9201162473889746,0.4751722499406035,0.8321678321678322,0.47402298850574714,0.8731420303834098
"RF['100', '50', '20', '1']",DF,0,0.9201819685690653,0.7116411566685235,0.9586280400367628,0.9135754449377516,0.9201819685690653,0.7695094431320408,0.9328985755752592
"RF['100', '50', '20', '1']",AutoPGD,0,0.972807613868117,0.9017462557730718,0.9738275395156308,0.9272886460318609,0.972807613868117,0.914023646581922,0.97322646373094
"RF['100', '50', '20', '1']",ZOO,0,0.910913140311804,0.92255202897661,0.9134821234777687,0.8478229841201963,0.910913140311804,0.876290576139982,0.9066181155113702
"RF['100', '50', '20', '1']",CaFA,0,0.4935897435897436,0.5863828289936664,0.832284505314062,0.6499236641221374,0.4935897435897436,0.4698670796231772,0.5460671517582086
"RF['100', '50', '20', '1']",SINIFGSM,0,0.6651162790697674,0.6923076923076923,0.8711985688729875,0.788235294117647,0.6651162790697674,0.6434494195688225,0.6945505032974661
"RF['100', '50', '20', '1']",VNIFGSM,0,0.8003300330033003,0.5200289575289575,0.8433529887737808,0.5301270417422868,0.8003300330033003,0.5203281283730301,0.8202869722102094
"RF['100', '50', '20', '1']",baseline,0,0.676829268292683,0.6726928374655647,0.6741941308875898,0.5973701327068508,0.676829268292683,0.5863103245640022,0.6345196688962232
"RF['100', '50', '20', '1']",BIM,0,0.9081885856079405,0.5595238095238095,0.9890700697152309,0.9535175879396984,0.9081885856079405,0.5820088021753147,0.9420892934366123
"RF['100', '50', '20', '1']",FGSM,0,0.9390243902439024,0.6428571428571428,0.9825783972125435,0.96875,0.9390243902439024,0.7060931899641577,0.9549785820438851
"RF['100', '50', '20', '1']",PGD,0,0.9081885856079405,0.5595238095238095,0.9890700697152309,0.9535175879396984,0.9081885856079405,0.5820088021753147,0.9420892934366123
"RF['100', '50', '20', '1']",DF,0,0.9094809094809094,0.6930190019756072,0.9542308608257742,0.8933756287151349,0.9094809094809094,0.747013199172692,0.9247013855536815
"RF['100', '50', '20', '1']",AutoPGD,0,0.8935276679841897,0.7270931499100335,0.9106302494966375,0.7940955659106038,0.8935276679841897,0.7539193413506503,0.9003501149072457
"RF['100', '50', '20', '1']",ZOO,0,0.7981023487323068,0.7904405987271156,0.7952695765996977,0.7284900333329727,0.7981023487323068,0.7456730997809303,0.7862119195422378
"RF['100', '50', '20', '1']",CaFA,0,0.24941176470588236,0.5157545605306799,0.9342932396839333,0.558641975308642,0.24941176470588236,0.22848200312989048,0.34359569179784594
"RF['100', '50', '20', '1']",SINIFGSM,0,0.8590604026845637,0.5,1.0,0.42953020134228187,0.8590604026845637,0.4620938628158845,0.9241877256317689
"RF['100', '50', '20', '1']",VNIFGSM,0,0.9311224489795918,0.625,0.982780612244898,0.9647519582245431,0.9311224489795918,0.6817320703653587,0.950527464030267
"RF['100', '50', '20', '1']",baseline,0,0.5796019900497512,0.5771822940686262,0.5775832722597841,0.5447971110453677,0.5796019900497512,0.5083903180288722,0.5286367737995142
"RF['100', '50', '20', '1']",DF,0,0.8640661938534279,0.6204620462046204,0.9672502711264034,0.9289684990735021,0.8640661938534279,0.6559175531914894,0.9004447556712439
"RF['100', '50', '20', '1']",AutoPGD,0,0.7669456066945607,0.5079890828609326,0.8098897683776934,0.5113217768147346,0.7669456066945607,0.5060244585111827,0.7869240250643876
"RF['100', '50', '20', '1']",ZOO,0,0.6291616038882138,0.6053764226374415,0.6133990897973334,0.5687016072034936,0.6291616038882138,0.5542432110270445,0.5920354767797743
"RF['100', '50', '20', '1']",CaFA,0,0.3073005093378608,0.5048543689320388,0.9932747622265813,0.6512820512820513,0.3073005093378608,0.24189884918231375,0.46154257490701217
"DT['100', '50', '20', '1']",baseline,0,0.8417910447761194,0.9148366363149438,0.8687382583600477,0.6550976138828634,0.8417910447761194,0.6902092994401103,0.8075072645365383
"DT['100', '50', '20', '1']",BIM,0,0.5491803278688525,0.5524888732428124,0.5617333382582884,0.5533191869555506,0.5491803278688525,0.5483507680550761,0.5509346428848714
"DT['100', '50', '20', '1']",FGSM,0,0.8207641528305661,0.7653170254632828,0.8345342282276319,0.7954664764152792,0.8207641528305661,0.7772733601454378,0.8255680249062435
"DT['100', '50', '20', '1']",PGD,0,0.5491803278688525,0.5524888732428124,0.5617333382582884,0.5533191869555506,0.5491803278688525,0.5483507680550761,0.5509346428848714
"DT['100', '50', '20', '1']",DF,0,0.8009897490279251,0.5977937380749343,0.9136866962791635,0.7472161339860564,0.8009897490279251,0.6114034691783788,0.8421499282057872
"DT['100', '50', '20', '1']",AutoPGD,0,0.8298694377831068,0.8218594355285003,0.8276652465152025,0.7881892952476558,0.8298694377831068,0.8005704898374124,0.82519504879907
"DT['100', '50', '20', '1']",ZOO,0,0.961106719367589,0.9717242157526518,0.9622124468017729,0.9069818609469069,0.961106719367589,0.9350756918249491,0.9596768002516387
"DT['100', '50', '20', '1']",CaFA,0,0.6830065359477124,0.6794854740242773,0.707402464988656,0.6904567453115548,0.6830065359477124,0.6770181078685864,0.6876535561371142
"DT['100', '50', '20', '1']",SINIFGSM,0,0.5264080648696033,0.5141137232571382,0.5280328677258763,0.5142049095128931,0.5264080648696033,0.5141078648635824,0.5271704739608857
"DT['100', '50', '20', '1']",VNIFGSM,0,0.6481366459627329,0.6496928037879729,0.6508118386285948,0.649471561867756,0.6481366459627329,0.6481154346038567,0.6480068324464102
"DT['100', '50', '20', '1']",baseline,0,0.7763215377894277,0.8192157644147073,0.7993340361660594,0.6818203927404793,0.7763215377894277,0.6966636228670108,0.747120426607297
"DT['100', '50', '20', '1']",BIM,0,0.5747873936968484,0.5763527425511863,0.5775201213578111,0.5762344302285434,0.5747873936968484,0.5747634502034148,0.5746229817086043
"DT['100', '50', '20', '1']",FGSM,0,0.6825850729196454,0.6824233313249899,0.7080755482373576,0.6923121750044827,0.6825850729196454,0.6783983639176365,0.6867193168965666
"DT['100', '50', '20', '1']",PGD,0,0.5747873936968484,0.5763527425511863,0.5775201213578111,0.5762344302285434,0.5747873936968484,0.5747634502034148,0.5746229817086043
"DT['100', '50', '20', '1']",DF,0,0.7961381359079094,0.6193299963478711,0.9106898882989201,0.7805662794522445,0.7961381359079094,0.6360679126626203,0.8353042543615439
"DT['100', '50', '20', '1']",AutoPGD,0,0.8804429148585965,0.8504749432576075,0.8874831797367205,0.8753953830839578,0.8804429148585965,0.860953867959326,0.8824915237053224
"DT['100', '50', '20', '1']",ZOO,0,0.8820297816972676,0.8911782044181896,0.8845428536522617,0.8196610677110309,0.8820297816972676,0.8450535708873753,0.8761424773422152
"DT['100', '50', '20', '1']",CaFA,0,0.42560865644724977,0.49203170970905524,0.6896049617516171,0.48737319231599396,0.42560865644724977,0.3993207812206381,0.47852433632150687
"DT['100', '50', '20', '1']",SINIFGSM,0,0.5401459854014599,0.542826166393455,0.5530910772675595,0.5436439406869514,0.5401459854014599,0.5388821180239578,0.5423030667428698
"DT['100', '50', '20', '1']",VNIFGSM,0,0.6277522935779817,0.6252708622716102,0.6266953876511938,0.6239759959817062,0.6277522935779817,0.6241813481615436,0.6267860377594161
"DT['100', '50', '20', '1']",baseline,0,0.6954605553107096,0.7123298265641578,0.7071510297102185,0.6556534015593608,0.6954605553107096,0.6529648013191897,0.6729281718970699
"DT['100', '50', '20', '1']",BIM,0,0.7502615062761506,0.6241920626032067,0.8402959681510275,0.7079232838147812,0.7502615062761506,0.6344584407300159,0.7807322215251645
"DT['100', '50', '20', '1']",FGSM,0,0.821735604217356,0.7450466243196474,0.8425716434279382,0.7885239118188374,0.821735604217356,0.7613042900640452,0.8289632049752149
"DT['100', '50', '20', '1']",PGD,0,0.7502615062761506,0.6241920626032067,0.8402959681510275,0.7079232838147812,0.7502615062761506,0.6344584407300159,0.7807322215251645
"DT['100', '50', '20', '1']",DF,0,0.6658617567159674,0.5601238500876011,0.8621829514331297,0.6502088900115645,0.6658617567159674,0.531118887958298,0.7307295229253183
"DT['100', '50', '20', '1']",AutoPGD,0,0.7875574407917992,0.7832923713475015,0.8099928745809817,0.8005125422111594,0.7875574407917992,0.7832787603965579,0.7906574658328797
"DT['100', '50', '20', '1']",ZOO,0,0.7733490219149874,0.7776960959683168,0.7754916698539249,0.7387505412145053,0.7733490219149874,0.7475366881425056,0.764907177705128
"DT['100', '50', '20', '1']",CaFA,0,0.48131868131868133,0.5018859131751787,0.6728510279823138,0.502850978579134,0.48131868131868133,0.44459386767079073,0.528087888442918
"DT['100', '50', '20', '1']",SINIFGSM,0,0.5924024640657084,0.5756000372748058,0.7824799171377943,0.6297395491850264,0.5924024640657084,0.5355394179986205,0.6407227050898535
"DT['100', '50', '20', '1']",VNIFGSM,0,0.5421137339055794,0.5469183068608342,0.6812374551316543,0.5640513069592705,0.5421137339055795,0.5117275389309238,0.5747543885073869
"DT['100', '50', '20', '1']",baseline,0,0.6114457831325302,0.6282505536222713,0.6415249101435797,0.626669906957367,0.6114457831325302,0.6113080338226811,0.6102721590126162
"DT['100', '50', '20', '1']",BIM,0,0.6295719844357976,0.6111117449090183,0.6185594967180983,0.5915097631084599,0.6295719844357976,0.5882674464315525,0.6120150186502095
"DT['100', '50', '20', '1']",FGSM,0,0.7716110019646365,0.6786409556392623,0.7821046507577977,0.6937208527648235,0.7716110019646365,0.685134429978379,0.7762306501400974
"DT['100', '50', '20', '1']",PGD,0,0.6295719844357976,0.6111117449090183,0.6185594967180983,0.5915097631084599,0.6295719844357976,0.5882674464315525,0.6120150186502095
"DT['100', '50', '20', '1']",DF,0,0.44073000170561144,0.47511380439729856,0.6500445377995315,0.4620424062679828,0.44073000170561144,0.4069130339938563,0.4910931286191897
"DT['100', '50', '20', '1']",AutoPGD,0,0.6945229681978798,0.6947974981718793,0.6964763545513374,0.6953978515257304,0.6945229681978798,0.6943542006847355,0.6947577200018776
"DT['100', '50', '20', '1']",ZOO,0,0.6425494171312722,0.6528361782390764,0.6648668323243837,0.6536353768663139,0.6425494171312722,0.6425135959784334,0.6430078372011446
"DT['100', '50', '20', '1']",CaFA,0,0.7327672327672328,0.552675585284281,0.971846715157752,0.8620422898401238,0.7327672327672328,0.5152921882063951,0.8195302072937416
"DT['100', '50', '20', '1']",SINIFGSM,0,0.7726984126984127,0.7030349688381938,0.8106276924771162,0.7516544980027602,0.7726984126984127,0.7165477593272552,0.7847135311087887
"DT['100', '50', '20', '1']",VNIFGSM,0,0.7477477477477478,0.638834633574518,0.7675659361208493,0.6588470944730981,0.7477477477477478,0.6463562996868224,0.7562032159839918
model,attack_model,epsilon,Accuracy,Macro Precision,Weighted Precision,Macro Recall,Weighted Recall,Macro F1,Weighted F1
,,,,,,,,,
XGB100_ExcludeCaFA,baseline,0,0.6580398812049215,0.6994456573327006,0.6884531707247333,0.5791039831338002,0.6580398812049215,0.5449527932195465,0.5924012480083038
XGB100_ExcludeCaFA,BIM,0,0.7198177676537585,0.7189194143670716,0.719341324696602,0.7091600112091916,0.7198177676537585,0.7110036994771016,0.7166370387030518
XGB100_ExcludeCaFA,FGSM,0,0.7301092043681747,0.7303547068594405,0.7302440578492925,0.7212557001856017,0.7301092043681747,0.7229558899948035,0.727400667857869
XGB100_ExcludeCaFA,PGD,0,0.7198177676537585,0.7189194143670716,0.719341324696602,0.7091600112091916,0.7198177676537585,0.7110036994771016,0.7166370387030518
XGB100_ExcludeCaFA,DF,0,0.9567118495846086,0.7483703468754956,0.9723830805972467,0.9153383630544124,0.9567118495846086,0.8071723672746691,0.96213209894341
XGB100_ExcludeCaFA,AutoPGD,0,0.9190635451505017,0.8194795541508898,0.9210914820236811,0.8345214106671595,0.9190635451505017,0.8267316748595621,0.9199941962560609
XGB100_ExcludeCaFA,ZOO,0,0.7806086341118188,0.809101008717663,0.7956597455441777,0.7067312095915809,0.7806086341118188,0.7220422600848345,0.7595875858949178
XGB100_ExcludeCaFA,CaFA,0,0.1939218523878437,0.38241464417935006,0.609393203204389,0.33518162598500867,0.1939218523878437,0.19064021280846188,0.22934864330162488
XGB100_ExcludeCaFA,SINIFGSM,0,0.7463617463617463,0.7318489583333334,0.8399926368676368,0.8001011235955056,0.7463617463617463,0.7260410830999067,0.7618737030501737
XGB100_ExcludeCaFA,VNIFGSM,0,0.6817538896746818,0.6877392024888958,0.6864434131167464,0.6742182559201743,0.6817538896746818,0.6726346658434943,0.675880491274934
XGB50_ExcludeCaFA,baseline,0,0.6635964912280702,0.6966495785161193,0.6872590734466848,0.5815858962410686,0.6635964912280702,0.5517240230202978,0.6012268535529731
XGB50_ExcludeCaFA,BIM,0,0.7422145328719724,0.75278379214352,0.7505875824247568,0.7355611601513241,0.7422145328719724,0.7353634366309709,0.7377208030794875
XGB50_ExcludeCaFA,FGSM,0,0.7163793103448276,0.7275282310233511,0.7271122265204211,0.7153994797473058,0.7163793103448276,0.7122475738513541,0.7125448210811004
XGB50_ExcludeCaFA,PGD,0,0.7422145328719724,0.75278379214352,0.7505875824247568,0.7355611601513241,0.7422145328719724,0.7353634366309709,0.7377208030794875
XGB50_ExcludeCaFA,DF,0,0.9431111111111111,0.7546563685451625,0.9633705235258154,0.9146864043630697,0.9431111111111111,0.8105980891451661,0.9498705426247832
XGB50_ExcludeCaFA,AutoPGD,0,0.9150193137923199,0.8172207550898373,0.9162553145342155,0.8261060841775152,0.9150193137923199,0.8215664329720954,0.915606145069056
XGB50_ExcludeCaFA,ZOO,0,0.7805239011395589,0.8030173023669476,0.7919590642841885,0.703180828962374,0.7805239011395589,0.7190853951573428,0.7595842584361263
XGB50_ExcludeCaFA,CaFA,0,0.37014563106796117,0.4710063635132783,0.7127386974731292,0.4474919433935827,0.37014563106796117,0.3424874887571781,0.4374089239066111
XGB50_ExcludeCaFA,SINIFGSM,0,0.6101190476190477,0.6272727272727273,0.8824337121212121,0.7548531607765057,0.6101190476190477,0.5623564504101417,0.6647663435247327
XGB50_ExcludeCaFA,VNIFGSM,0,0.6896272285251216,0.7173543689320389,0.718961739390411,0.6929627245135266,0.6896272285251216,0.6816783646330548,0.6807000429232619
XGB20_ExcludeCaFA,baseline,0,0.6549935149156939,0.6813206963591375,0.6745888539074868,0.5951066719405208,0.6549935149156939,0.5719058875482186,0.6057443226389961
XGB20_ExcludeCaFA,BIM,0,0.765466297322253,0.7706975839003575,0.7688843491103372,0.7578210277005457,0.765466297322253,0.7596126285470599,0.7626260556680173
XGB20_ExcludeCaFA,FGSM,0,0.8118811881188119,0.8085607475127939,0.8114068394608093,0.8062487742204041,0.8118811881188119,0.8072836535564651,0.811527531614016
XGB20_ExcludeCaFA,PGD,0,0.765466297322253,0.7706975839003575,0.7688843491103372,0.7578210277005457,0.765466297322253,0.7596126285470599,0.7626260556680173
XGB20_ExcludeCaFA,DF,0,0.9401140684410646,0.7185609243697479,0.9650778029843116,0.9001346153846154,0.9401140684410646,0.7766258628127696,0.9488334394079071
XGB20_ExcludeCaFA,AutoPGD,0,0.8966373279169487,0.82144384257385,0.8986996537509709,0.8333489470134152,0.8966373279169487,0.8271864419480759,0.8975768557442244
XGB20_ExcludeCaFA,ZOO,0,0.7628911414720141,0.7824454497003048,0.7736330009757801,0.6996228349798197,0.7628911414720141,0.7107973670644248,0.743164388546468
XGB20_ExcludeCaFA,CaFA,0,0.4948453608247423,0.5108335675384159,0.6125061442127486,0.5135189573459715,0.4948453608247423,0.4759901393978683,0.5207371322768628
XGB20_ExcludeCaFA,SINIFGSM,0,0.746268656716418,0.7288197364732267,0.8271681960257585,0.7891865079365079,0.746268656716418,0.7259342807729905,0.7604748645673056
XGB20_ExcludeCaFA,VNIFGSM,0,0.7333916083916084,0.7494180496161742,0.7493082794708005,0.7331692050014824,0.7333916083916084,0.7289156392492737,0.7289765367886252
XGB1_ExcludeCaFA,baseline,0,0.58972554539057,0.5750130463774559,0.5796244266651484,0.5626129305477132,0.58972554539057,0.5551804770661906,0.5716678960391899
XGB1_ExcludeCaFA,BIM,0,0.6053811659192825,0.4891304347826087,0.9651004094365374,0.3068181818181818,0.6053811659192825,0.3770949720670391,0.7440438910739785
XGB1_ExcludeCaFA,FGSM,0,0.44363636363636366,0.49157498397778254,0.9691856829348818,0.30667892156862747,0.44363636363636366,0.31006493506493504,0.607012987012987
XGB1_ExcludeCaFA,PGD,0,0.6053811659192825,0.4891304347826087,0.9651004094365374,0.3068181818181818,0.6053811659192825,0.3770949720670391,0.7440438910739785
XGB1_ExcludeCaFA,DF,0,0.8940269749518305,0.7030461775097805,0.9055869727793442,0.7460686238224783,0.8940269749518305,0.7214816260321255,0.8990956265724828
XGB1_ExcludeCaFA,AutoPGD,0,0.664280031821798,0.5584358862565466,0.7017325756371945,0.5705719025518405,0.664280031821798,0.5599736210136002,0.6799600805053834
XGB1_ExcludeCaFA,ZOO,0,0.6444265809217578,0.6197763834225156,0.6351643061129109,0.6099158511602093,0.6444265809217578,0.6115975414174659,0.6368320289258339
XGB1_ExcludeCaFA,CaFA,0,0.5638629283489096,0.5070422535211268,0.9938572243429423,0.780564263322884,0.5638629283489096,0.37332663989290493,0.7145695971841675
XGB1_ExcludeCaFA,SINIFGSM,0,0.32727272727272727,0.4857357357357357,0.9110838110838112,0.410377358490566,0.32727272727272727,0.2650776453593355,0.46332446895827173
XGB1_ExcludeCaFA,VNIFGSM,0,0.3,0.4753331016104739,0.9330946587880894,0.18149721740171146,0.3,0.23177889279584196,0.4529251664844885
RF100_ExcludeCaFA,baseline,0,0.8571428571428571,0.8975524084663995,0.8713993273870448,0.7338402787908924,0.8571428571428571,0.7730078030957472,0.839122703023118
RF100_ExcludeCaFA,BIM,0,0.8327338129496403,0.5381371814092953,0.9483550715649369,0.6595609134568264,0.8327338129496403,0.5346275346275347,0.8816366406294465
RF100_ExcludeCaFA,FGSM,0,0.8175438596491228,0.5656833303892128,0.9391317013608035,0.7282586453857172,0.8175438596491228,0.5712921982122712,0.865426127150733
RF100_ExcludeCaFA,PGD,0,0.8327338129496403,0.5381371814092953,0.9483550715649369,0.6595609134568264,0.8327338129496403,0.5346275346275347,0.8816366406294465
RF100_ExcludeCaFA,DF,0,0.9482619240097009,0.7582206877480643,0.9628087507304149,0.8886491614640715,0.9482619240097009,0.807285695159504,0.9534585902905683
RF100_ExcludeCaFA,AutoPGD,0,0.9970294928920008,0.9945698368940961,0.9970196370202338,0.9847091234302296,0.9970294928920008,0.9895798326759466,0.9970145374888068
RF100_ExcludeCaFA,ZOO,0,0.9849734826163818,0.9892338269354398,0.9851635658740703,0.9654749411390124,0.9849734826163818,0.9767814266436663,0.984786560704306
RF100_ExcludeCaFA,CaFA,0,0.75,0.5980587356893977,0.8773021403683423,0.7132034632034632,0.75,0.6014871490920847,0.7938466512204322
RF100_ExcludeCaFA,SINIFGSM,0,0.8260869565217391,0.6666666666666666,0.9420289855072465,0.9047619047619048,0.8260869565217391,0.6973684210526316,0.8604118993135011
RF100_ExcludeCaFA,VNIFGSM,0,0.8359240069084629,0.5692665415680835,0.9488781075084091,0.754954954954955,0.8359240069084629,0.5799124769927522,0.8806693849247043
RF50_ExcludeCaFA,baseline,0,0.7767200346170489,0.8096157719420559,0.7934352677912245,0.6710520684613989,0.7767200346170489,0.6866523018709271,0.7460432120029542
RF50_ExcludeCaFA,BIM,0,0.8333333333333334,0.48863636363636365,0.9583333333333334,0.424901185770751,0.8333333333333334,0.45454545454545453,0.8914728682170543
RF50_ExcludeCaFA,FGSM,0,0.8256704980842912,0.4886621315192744,0.958601576007159,0.4208984375,0.8256704980842912,0.4522560335781742,0.8871842497778742
RF50_ExcludeCaFA,PGD,0,0.8333333333333334,0.48863636363636365,0.9583333333333334,0.424901185770751,0.8333333333333334,0.45454545454545453,0.8914728682170543
RF50_ExcludeCaFA,DF,0,0.9414261460101867,0.7555729433125683,0.9583756427567351,0.887377867249721,0.9414261460101867,0.8043698012939002,0.947403248264548
RF50_ExcludeCaFA,AutoPGD,0,0.9713842058562555,0.8954540247512129,0.9738939429347976,0.9458480638979156,0.9713842058562555,0.9186944060774929,0.9722408325266736
RF50_ExcludeCaFA,ZOO,0,0.8994708994708994,0.9095806001617371,0.9018571619943319,0.8301267958161502,0.8994708994708994,0.8594104122068482,0.8941103827279675
RF50_ExcludeCaFA,CaFA,0,0.40286298568507156,0.48874781934483424,0.5983577451758021,0.4875,0.40286298568507156,0.401298134979203,0.4157573555014286
RF50_ExcludeCaFA,SINIFGSM,0,0.554945054945055,0.49503475670307845,0.758640068967775,0.48980891719745223,0.554945054945055,0.4450175055528367,0.6241586971549702
RF50_ExcludeCaFA,VNIFGSM,0,0.8495934959349594,0.49805092186128186,0.9635011456348103,0.48723257418909593,0.8495934959349594,0.472408996058428,0.9021817194754373
RF20_ExcludeCaFA,baseline,0,0.6772486772486772,0.6991948470209339,0.6927825916553775,0.6211486981565985,0.6772486772486772,0.6099632088637037,0.6403916690887554
RF20_ExcludeCaFA,BIM,0,0.9164490861618799,0.4957627118644068,0.9837589060494756,0.4618421052631579,0.9164490861618799,0.4782016348773842,0.9489118603311019
RF20_ExcludeCaFA,FGSM,0,0.9040404040404041,0.49584487534626037,0.9841769495509107,0.455470737913486,0.9040404040404041,0.47480106100795755,0.9424081665460976
RF20_ExcludeCaFA,PGD,0,0.9164490861618799,0.4957627118644068,0.9837589060494756,0.4618421052631579,0.9164490861618799,0.4782016348773842,0.9489118603311019
RF20_ExcludeCaFA,DF,0,0.9338649155722326,0.7325499555310995,0.964173042971326,0.9313844181740494,0.9338649155722326,0.7938719465158138,0.9436652201789142
RF20_ExcludeCaFA,AutoPGD,0,0.9144602851323829,0.7841744965373244,0.92902163797536,0.8631322749167489,0.9144602851323829,0.8162032085561497,0.9196605203829356
RF20_ExcludeCaFA,ZOO,0,0.8046186569431784,0.8158385112314235,0.8096466947961342,0.7483017802529093,0.8046186569431784,0.7648074741882762,0.7931222223367037
RF20_ExcludeCaFA,CaFA,0,0.23958333333333334,0.49640287769784175,0.9910821342925661,0.12,0.23958333333333334,0.19327731092436976,0.38588352007469656
RF20_ExcludeCaFA,SINIFGSM,0,0.14285714285714285,0.5,1.0,0.07142857142857142,0.14285714285714285,0.125,0.25
RF20_ExcludeCaFA,VNIFGSM,0,0.918848167539267,0.5694444444444444,0.9887289121582316,0.9588859416445623,0.918848167539267,0.6005127686131633,0.947787749259822
RF1_ExcludeCaFA,baseline,0,0.5737473535638673,0.5531536113936928,0.5609934877389869,0.5461794270260583,0.5737473535638673,0.5409044290244646,0.5590156987572751
RF1_ExcludeCaFA,BIM,0,0.0,0.0,0.0,0.0,0.0,0.0,0.0
0,0,0,0,0,0,0,0,0,0
RF1_ExcludeCaFA,PGD,0,0.0,0.0,0.0,0.0,0.0,0.0,0.0
RF1_ExcludeCaFA,DF,0,0.982824427480916,0.75,0.9914122137404581,0.9912621359223301,0.982824427480916,0.8289258896506693,0.9856113225321681
RF1_ExcludeCaFA,AutoPGD,0,0.6372924648786717,0.5061728395061729,0.746779559465809,0.510251088387162,0.6372924648786717,0.4897946072942861,0.6807360143809611
RF1_ExcludeCaFA,ZOO,0,0.6295574728639021,0.6050357323722093,0.6252571085215166,0.6021996743407365,0.6295574728639021,0.603201596923642,0.6270243487184558
RF1_ExcludeCaFA,CaFA,0,0.6051948051948052,0.5,1.0,0.3025974025974026,0.6051948051948052,0.37702265372168287,0.7540453074433657
RF1_ExcludeCaFA,SINIFGSM,0,0.13043478260869565,0.5,1.0,0.06521739130434782,0.13043478260869565,0.11538461538461539,0.2307692307692308
RF1_ExcludeCaFA,VNIFGSM,0,0.5,0.5,1.0,0.25,0.5,0.3333333333333333,0.6666666666666666
DT100_ExcludeCaFA,baseline,0,0.8575788402848423,0.9139519278746064,0.8763698694814304,0.6806294436060872,0.8575788402848423,0.7231342442824265,0.830689921084359
DT100_ExcludeCaFA,BIM,0,0.594829729057917,0.5940491197210942,0.5942351888013806,0.5912891137194627,0.594829729057917,0.5899469278270475,0.5918266394626214
DT100_ExcludeCaFA,FGSM,0,0.7789450645655505,0.7338330505748876,0.7734667256409488,0.7197293743078627,0.7789450645655505,0.7258324203702076,0.7755116266016545
DT100_ExcludeCaFA,PGD,0,0.594829729057917,0.5940491197210942,0.5942351888013806,0.5912891137194627,0.594829729057917,0.5899469278270475,0.5918266394626214
DT100_ExcludeCaFA,DF,0,0.7279291106005907,0.5628682827545461,0.9153099046412015,0.7093141209385352,0.7279291106005907,0.5437298696757094,0.7946252200470484
DT100_ExcludeCaFA,AutoPGD,0,0.8818097876269622,0.8551043855273988,0.8801174300794613,0.8421413944449972,0.8818097876269622,0.848244365767258,0.8807114426708198
DT100_ExcludeCaFA,ZOO,0,0.9523439925488979,0.9597258232187125,0.9532009391728986,0.8978909517873126,0.9523439925488979,0.9245254144655723,0.9506297820354535
DT100_ExcludeCaFA,CaFA,0,0.8606811145510835,0.8656565656565656,0.8657910373080652,0.8608618970937811,0.8606811145510835,0.8602471035046392,0.8602229917798366
DT100_ExcludeCaFA,SINIFGSM,0,0.5287749287749288,0.5483994332754422,0.5692390773735104,0.5486170560388013,0.5287749287749288,0.5287596288870671,0.529284415040724
DT100_ExcludeCaFA,VNIFGSM,0,0.6125423728813559,0.6222341959446198,0.6271414481285508,0.6198718319471597,0.6125423728813559,0.6119319432773944,0.6106797799872168
DT50_ExcludeCaFA,baseline,0,0.7554567502021019,0.79496318713034,0.779310636803076,0.6866059209607597,0.7554567502021019,0.6947900589449532,0.7292210188062179
DT50_ExcludeCaFA,BIM,0,0.6615384615384615,0.6444694199559207,0.6581472612240495,0.6408707384976067,0.6615384615384615,0.6422007296226164,0.6594056234595079
DT50_ExcludeCaFA,FGSM,0,0.5808287391072381,0.57599123876467,0.7277128404179471,0.6092935629735383,0.5808287391072381,0.5437995162077295,0.615569639243294
DT50_ExcludeCaFA,PGD,0,0.6615384615384615,0.6444694199559207,0.6581472612240495,0.6408707384976067,0.6615384615384615,0.6422007296226164,0.6594056234595079
DT50_ExcludeCaFA,DF,0,0.8036175710594315,0.6203088964987071,0.8898804767350665,0.7376252657151534,0.8036175710594315,0.6397707231040565,0.8348264944795029
DT50_ExcludeCaFA,AutoPGD,0,0.8487131198995606,0.7914277322728027,0.8500770577001976,0.7964419824409757,0.8487131198995606,0.7938736412025427,0.8493582902371727
DT50_ExcludeCaFA,ZOO,0,0.8542574257425742,0.8655305086746135,0.8582604611269578,0.802835846884356,0.8542574257425742,0.8229107886098441,0.8474904077484361
DT50_ExcludeCaFA,CaFA,0,0.4111969111969112,0.4535628796357243,0.5274626086738813,0.4477957917877051,0.4111969111969112,0.4069827818104852,0.42673450275144365
DT50_ExcludeCaFA,SINIFGSM,0,0.5331081081081082,0.5373499349844264,0.5380984926684826,0.5361263856796046,0.5331081081081082,0.5304189074025096,0.529266392814396
DT50_ExcludeCaFA,VNIFGSM,0,0.5696238068500842,0.566443600839574,0.56762388348265,0.5649084563887509,0.5696238068500842,0.5641550325921172,0.5671155720400392
DT20_ExcludeCaFA,baseline,0,0.6607634789452971,0.7030337124281698,0.6967381457392312,0.6372808128816936,0.6607634789452971,0.6194754375870379,0.6301797446058459
DT20_ExcludeCaFA,BIM,0,0.58488241881299,0.535141308335132,0.7630651298007919,0.5639910352140387,0.58488241881299,0.49879237668030396,0.6401279875957863
DT20_ExcludeCaFA,FGSM,0,0.5966638152266894,0.6094900330556032,0.6395275004498114,0.6146943247501906,0.5966638152266894,0.5948368079579609,0.6012138779150519
DT20_ExcludeCaFA,PGD,0,0.58488241881299,0.535141308335132,0.7630651298007919,0.5639910352140387,0.58488241881299,0.49879237668030396,0.6401279875957863
DT20_ExcludeCaFA,DF,0,0.780858336498291,0.617716229302523,0.8501848592080227,0.692818799113387,0.780858336498291,0.6327767847323189,0.8068080342658925
DT20_ExcludeCaFA,AutoPGD,0,0.8073707558437127,0.7977963284277931,0.8295164842976079,0.8204857883347987,0.8073707558437127,0.8008442586439373,0.8108708283287949
DT20_ExcludeCaFA,ZOO,0,0.7529443254817987,0.7817002010786289,0.773176256409211,0.725280753642239,0.7529443254817987,0.7283566193384128,0.7396004636068295
DT20_ExcludeCaFA,CaFA,0,0.18867268936761641,0.17301833292177216,0.1660639695366579,0.2133887840645824,0.18867268936761641,0.17921103920254078,0.16408464702924835
DT20_ExcludeCaFA,SINIFGSM,0,0.35164141414141414,0.41220199451246387,0.4650015317885355,0.41642416225749557,0.35164141414141414,0.35117798840037007,0.34487247910490376
DT20_ExcludeCaFA,VNIFGSM,0,0.4752626970227671,0.48299046740467405,0.5295569458266824,0.48128109761836524,0.4752626970227671,0.46657390958669265,0.4874091151366618
DT1_ExcludeCaFA,baseline,0,0.6508045190003423,0.6415177424681664,0.6933197040493796,0.6582983116993832,0.6508045190003423,0.6370314601485294,0.6603899870237482
DT1_ExcludeCaFA,BIM,0,0.8393025447690857,0.7750511808145061,0.8302041764426709,0.7315068264833451,0.8393025447690857,0.7489545874814172,0.8324182149521935
DT1_ExcludeCaFA,FGSM,0,0.7960135708227312,0.739475764362516,0.7813502171472432,0.6782502722605404,0.7960135708227312,0.696767934021377,0.7812260445091119
DT1_ExcludeCaFA,PGD,0,0.8393025447690857,0.7750511808145061,0.8302041764426709,0.7315068264833451,0.8393025447690857,0.7489545874814172,0.8324182149521935
DT1_ExcludeCaFA,DF,0,0.5740294511378848,0.5228723370030306,0.7921563431469195,0.5490986336046368,0.5740294511378848,0.4725934552751039,0.643077763339961
DT1_ExcludeCaFA,AutoPGD,0,0.7887142857142857,0.7903606965174129,0.7895033582089553,0.7785690793194477,0.7887142857142857,0.7817893990115838,0.786531863521694
DT1_ExcludeCaFA,ZOO,0,0.6796259842519685,0.6703113498652133,0.7007851537231161,0.6815819864432643,0.6796259842519685,0.6700597709130852,0.6847132190911434
DT1_ExcludeCaFA,CaFA,0,0.7778653012997243,0.49974696356275305,0.9991002705965083,0.3890858944050433,0.7778653012997243,0.43752769162605226,0.8747107375714224
DT1_ExcludeCaFA,SINIFGSM,0,0.6207584830339321,0.6786009689235496,0.7325872890871925,0.676362677775809,0.6207584830339321,0.6207207063623613,0.619662959558379
DT1_ExcludeCaFA,VNIFGSM,0,0.787569573283859,0.7486924579252773,0.7757851282123127,0.687195833240458,0.787569573283859,0.7047257138687844,0.7727708453323046
model,attack_model,epsilon,Accuracy,Macro Precision,Weighted Precision,Macro Recall,Weighted Recall,Macro F1,Weighted F1
,,,,,,,,,
XGB100_Exclude2Attack,baseline,0,0.711038961038961,0.7663688473100911,0.7527428305418277,0.6673952446955965,0.711038961038961,0.6600480219361087,0.6802001296054995
XGB100_Exclude2Attack,BIM,0,0.7815126050420168,0.7661311680845428,0.7796350587467383,0.7603021732125596,0.7815126050420168,0.762909858747201,0.7803034265328538
XGB100_Exclude2Attack,FGSM,0,0.7740112994350282,0.7594937269536137,0.7712770481156587,0.7500955169977567,0.7740112994350282,0.7539851452894931,0.7719293725189083
XGB100_Exclude2Attack,PGD,0,0.7815126050420168,0.7661311680845428,0.7796350587467383,0.7603021732125596,0.7815126050420168,0.762909858747201,0.7803034265328538
XGB100_Exclude2Attack,DF,0,0.9587194608256108,0.7699655687650231,0.9699104030426418,0.899905691244683,0.9587194608256108,0.8200430067604152,0.9627120650693304
XGB100_Exclude2Attack,AutoPGD,0,0.9086624775583483,0.9109339426691953,0.9090991595377279,0.8527494152174284,0.9086624775583483,0.8760759949410686,0.9051970441771671
XGB100_Exclude2Attack,ZOO,0,0.833620284864611,0.8700624615801373,0.8538188112479886,0.7928475300782512,0.833620284864611,0.8088972874135406,0.8241420599932476
XGB100_Exclude2Attack,CaFA,0,0.4913678618857902,0.49783731530743286,0.890121445510676,0.48996069439895185,0.4913678618857902,0.3722609783969092,0.6144691835404569
XGB100_Exclude2Attack,SINIFGSM,0,0.7560975609756098,0.771010145351673,0.8644100159175429,0.8258415435139573,0.7560975609756098,0.7484631083399067,0.7666331056128801
XGB100_Exclude2Attack,VNIFGSM,0,0.7451891174518912,0.7449756548344761,0.745081223492762,0.727409529988466,0.7451891174518912,0.7312677626079688,0.7404810207699816
XGB50_Exclude2Attack,baseline,0,0.7226349678058445,0.7616156948412032,0.7494481166386421,0.6711516889959264,0.7226349678058445,0.6702073542383244,0.6951511753518154
XGB50_Exclude2Attack,BIM,0,0.8114075436982521,0.7533445961371626,0.8438970600620749,0.8080360860513532,0.8114075436982521,0.769828276307295,0.8204973835391323
XGB50_Exclude2Attack,FGSM,0,0.8740581270182992,0.8271953394901438,0.8824051884100825,0.8574194662325489,0.8740581270182992,0.8401237319024442,0.8768331359646893
XGB50_Exclude2Attack,PGD,0,0.8114075436982521,0.7533445961371626,0.8438970600620749,0.8080360860513532,0.8114075436982521,0.769828276307295,0.8204973835391323
XGB50_Exclude2Attack,DF,0,0.952846975088968,0.6909778023302531,0.9743999934230186,0.8883527369281046,0.952846975088968,0.7509864901016586,0.9608256503849091
XGB50_Exclude2Attack,AutoPGD,0,0.9068040249161475,0.8833646855598967,0.9045836591616426,0.8509693217543352,0.9068040249161475,0.8655032546803192,0.9047505927600212
XGB50_Exclude2Attack,ZOO,0,0.8350685837051727,0.866074596649453,0.8513600556462563,0.7938764607563764,0.8350685837051727,0.8102340831502366,0.8262193783909423
XGB50_Exclude2Attack,CaFA,0,0.40765391014975044,0.5509754482477587,0.8514883507113247,0.6038553341635533,0.40765391014975044,0.3834831719686491,0.475900700308154
XGB50_Exclude2Attack,SINIFGSM,0,0.8458781362007168,0.845872641509434,0.845876445526476,0.8423202614379085,0.8458781362007168,0.8436913696060038,0.8454805422744054
XGB50_Exclude2Attack,VNIFGSM,0,0.7680278019113814,0.726164272064548,0.768977088302466,0.7279632602104512,0.7680278019113814,0.7270440586738433,0.7684872609162866
XGB20_Exclude2Attack,baseline,0,0.6880407124681934,0.7075120362086825,0.7019930361213409,0.6496555434581909,0.6880407124681934,0.644742907584404,0.6638671566803052
XGB20_Exclude2Attack,BIM,0,0.8178963893249608,0.8148958065346026,0.8215894142977093,0.8196785534907083,0.8178963893249608,0.8160975609756098,0.8185816572675706
XGB20_Exclude2Attack,FGSM,0,0.8379888268156425,0.8379836671203578,0.8379871974381842,0.8377585010409438,0.8379888268156425,0.8378448733656586,0.8379618355437706
XGB20_Exclude2Attack,PGD,0,0.8178963893249608,0.8148958065346026,0.8215894142977093,0.8196785534907083,0.8178963893249608,0.8160975609756098,0.8185816572675706
XGB20_Exclude2Attack,DF,0,0.9174714661984197,0.708540572902275,0.9269172116434552,0.7554869104039721,0.9174714661984197,0.7288239480676053,0.9216415692307851
XGB20_Exclude2Attack,AutoPGD,0,0.8575573727248748,0.8234282825998763,0.8549473945103236,0.8085625456045176,0.8575573727248748,0.8154392911622472,0.8558828824584422
XGB20_Exclude2Attack,ZOO,0,0.7784021071115013,0.7978919763584748,0.7900487712528291,0.7458660279419538,0.7784021071115013,0.7540198950132959,0.7680128098203529
XGB20_Exclude2Attack,CaFA,0,0.41740226986128626,0.5469032549728752,0.7500501677198088,0.564213653524788,0.41740226986128626,0.4099702380952381,0.4509716717708521
XGB20_Exclude2Attack,SINIFGSM,0,0.7306733167082294,0.7516355842983907,0.8564469222491973,0.8084669985250738,0.7306733167082294,0.7222083245136337,0.7433708050001231
XGB20_Exclude2Attack,VNIFGSM,0,0.6956521739130435,0.6964070048309179,0.6964398235664776,0.695728676085819,0.6956521739130435,0.6954111023828227,0.6953891867891664
XGB1_Exclude2Attack,baseline,0,0.6224156692056583,0.633321152022756,0.6308702969100145,0.5656573763315337,0.6224156692056583,0.530849976093273,0.5644541344029907
XGB1_Exclude2Attack,BIM,0,0.5934065934065934,0.4713957426221577,0.6743156456509142,0.4596039890157537,0.5934065934065934,0.4567884938206419,0.6274250444987127
XGB1_Exclude2Attack,FGSM,0,0.678237650200267,0.5122315253003277,0.6499372297391548,0.5100348432055749,0.678237650200267,0.5086866938304468,0.662438583811261
XGB1_Exclude2Attack,PGD,0,0.5934065934065934,0.4713957426221577,0.6743156456509142,0.4596039890157537,0.5934065934065934,0.4567884938206419,0.6274250444987127
XGB1_Exclude2Attack,DF,0,0.8543240973971452,0.5957410575674049,0.9322488756976205,0.7424636513471317,0.8543240973971452,0.6196749341894268,0.8850504709866114
XGB1_Exclude2Attack,AutoPGD,0,0.7058212058212058,0.6031038288143393,0.6854595310871014,0.5867820919560977,0.7058212058212058,0.5914449031533864,0.6932375654491078
XGB1_Exclude2Attack,ZOO,0,0.6611513271285764,0.6657416098383266,0.6643036630934073,0.5865261727328366,0.6611513271285764,0.5671330319827405,0.6119864346225808
XGB1_Exclude2Attack,CaFA,0,0.25,0.5024752475247525,0.9962871287128713,0.6235955056179775,0.25,0.20312430657258243,0.3949540673678605
XGB1_Exclude2Attack,SINIFGSM,0,0.6421052631578947,0.674727337743608,0.6680662858648498,0.5980879253236977,0.6421052631578947,0.5725,0.5961052631578947
XGB1_Exclude2Attack,VNIFGSM,0,0.5021682567215958,0.43296362797541116,0.6991600371525959,0.3667348329925017,0.5021682567215958,0.37444043676179245,0.577186899538678
RF100_Exclude2Attack,baseline,0,0.8812154696132597,0.895479825263698,0.8853312718365087,0.8098381732662754,0.8812154696132597,0.8388733679710927,0.8740769628698921
RF100_Exclude2Attack,BIM,0,0.7718780727630286,0.7796779319432602,0.8322854927971634,0.8091133004926109,0.7718780727630286,0.7677862811791383,0.7773944140094584
RF100_Exclude2Attack,FGSM,0,0.793036750483559,0.8049486865643536,0.8406844948067376,0.8220656847497941,0.793036750483559,0.7916618020901987,0.7957866472702797
RF100_Exclude2Attack,PGD,0,0.7718780727630286,0.7796779319432602,0.8322854927971634,0.8091133004926109,0.7718780727630286,0.7677862811791383,0.7773944140094584
RF100_Exclude2Attack,DF,0,0.9507667473769169,0.7626371431424862,0.9654931351839172,0.9017856864463063,0.9507667473769169,0.8144285093437635,0.9559018975853217
RF100_Exclude2Attack,AutoPGD,0,0.9837495723571673,0.9828574547428545,0.9837225662313365,0.9608599772840136,0.9837495723571673,0.971428343595557,0.9835602124986272
RF100_Exclude2Attack,ZOO,0,0.9871164829326604,0.9902101488181281,0.9872448379781459,0.9750201864682724,0.9871164829326604,0.9823318995323033,0.9870151249892634
RF100_Exclude2Attack,CaFA,0,0.65,0.5951054434402212,0.7182472865337791,0.6231628453850676,0.65,0.5927272727272728,0.6719545454545455
RF100_Exclude2Attack,SINIFGSM,0,0.7803234501347709,0.7246852787169995,0.7944345805668143,0.7473911913250149,0.7803234501347709,0.7335069616585471,0.7855921867800051
RF100_Exclude2Attack,VNIFGSM,0,0.7565502183406113,0.7400115431787029,0.8100124473523622,0.7825067934782608,0.7565502183406113,0.7409183555694792,0.7662072357858887
RF50_Exclude2Attack,baseline,0,0.7994467496542186,0.8139315186139426,0.8061612289590538,0.7359676073362498,0.7994467496542186,0.7533111600152378,0.7855273766607946
RF50_Exclude2Attack,BIM,0,0.7773049645390071,0.5222828448650476,0.9239270186021682,0.5857169390787518,0.7773049645390071,0.5024252750068555,0.8386807730795829
RF50_Exclude2Attack,FGSM,0,0.7887931034482759,0.531627372052904,0.9217241819956421,0.609960902790119,0.7887931034482759,0.5196055875102712,0.8440772957810332
RF50_Exclude2Attack,PGD,0,0.7773049645390071,0.5222828448650476,0.9239270186021682,0.5857169390787518,0.7773049645390071,0.5024252750068555,0.8386807730795829
RF50_Exclude2Attack,DF,0,0.9559912854030501,0.7550236406619386,0.9711547356005705,0.9146982692340548,0.9559912854030501,0.8123058137058579,0.9612149106191331
RF50_Exclude2Attack,AutoPGD,0,0.9542206342117017,0.919034161304374,0.9549016627195855,0.9296897698022459,0.9542206342117017,0.92423946696355,0.9545079936421951
RF50_Exclude2Attack,ZOO,0,0.9114728682170543,0.9184844920263852,0.913040544416692,0.8737450550924166,0.9114728682170543,0.8916825637823516,0.9089820319316564
RF50_Exclude2Attack,CaFA,0,0.49551569506726456,0.5261524103229995,0.736232743505182,0.5444590073466009,0.49551569506726456,0.4539874963952837,0.5512242542613853
RF50_Exclude2Attack,SINIFGSM,0,0.8128834355828221,0.7057633420822397,0.8234777305444181,0.727110869696421,0.8128834355828221,0.7150798767820045,0.817491980238358
RF50_Exclude2Attack,VNIFGSM,0,0.7821637426900585,0.5163043478260869,0.8999014747012458,0.547227191413238,0.7821637426900585,0.5020885547201337,0.8329376071758343
RF20_Exclude2Attack,baseline,0,0.7419558359621451,0.7420767981459685,0.7420183307758311,0.6818008174788349,0.7419558359621451,0.690552191049826,0.7240520896691548
RF20_Exclude2Attack,BIM,0,0.8022388059701493,0.5232415690081594,0.9277050190418132,0.5852190863632512,0.8022388059701493,0.5097842968075927,0.8559261071690727
RF20_Exclude2Attack,FGSM,0,0.8140900195694716,0.4966822794691647,0.9417934252074959,0.484005376344086,0.8140900195694716,0.4687393983168631,0.8719278663326513
RF20_Exclude2Attack,PGD,0,0.8022388059701493,0.5232415690081594,0.9277050190418132,0.5852190863632512,0.8022388059701493,0.5097842968075927,0.8559261071690727
RF20_Exclude2Attack,DF,0,0.9282449725776966,0.7075525774826059,0.946346708355159,0.8117413263961821,0.9282449725776966,0.7462457571090354,0.9354149362739795
RF20_Exclude2Attack,AutoPGD,0,0.8968481375358166,0.8320864312267657,0.903701228150531,0.8659242191500256,0.8968481375358166,0.8471532846715328,0.8993453663229666
RF20_Exclude2Attack,ZOO,0,0.8441449031171019,0.8438260417901684,0.8440462563007621,0.8008990482816003,0.8441449031171019,0.8159626301768237,0.8389877595220026
RF20_Exclude2Attack,CaFA,0,0.43942992874109266,0.4928888888888889,0.6559725521245712,0.489795233299765,0.43942992874109266,0.41788141551441293,0.4819948931394723
RF20_Exclude2Attack,SINIFGSM,0,0.39759036144578314,0.4167531504818384,0.455078728553949,0.4110565499762395,0.39759036144578314,0.3944257989201809,0.4070840490225897
RF20_Exclude2Attack,VNIFGSM,0,0.806640625,0.5133062880324544,0.915990111561866,0.5420081967213115,0.806640625,0.49983718658417453,0.8548416639531097
RF1_Exclude2Attack,baseline,0,0.6918767507002801,0.8372781065088757,0.7921535478096563,0.5736434108527132,0.6918767507002801,0.5312052335020533,0.6073127942801607
RF1_Exclude2Attack,BIM,0,0.8173076923076923,0.4336734693877551,0.7589285714285714,0.46703296703296704,0.8173076923076923,0.4497354497354497,0.787037037037037
RF1_Exclude2Attack,FGSM,0,0.759493670886076,0.40540540540540543,0.6671228190215532,0.46153846153846156,0.759493670886076,0.4316546762589928,0.7103178216920135
RF1_Exclude2Attack,PGD,0,0.8173076923076923,0.4336734693877551,0.7589285714285714,0.46703296703296704,0.8173076923076923,0.4497354497354497,0.787037037037037
RF1_Exclude2Attack,DF,0,0.96756082345602,0.5,1.0,0.48378041172801,0.96756082345602,0.49175649968294227,0.9835129993658845
RF1_Exclude2Attack,AutoPGD,0,0.9414141414141414,0.9587819065810037,0.9438127585983117,0.8215828870496592,0.9414141414141414,0.8724328839676883,0.936297399790366
RF1_Exclude2Attack,ZOO,0,0.7434146341463415,0.8633056133056133,0.8135621925865828,0.5966257668711656,0.7434146341463415,0.5827845523107615,0.6769905594250246
RF1_Exclude2Attack,CaFA,0,0.036036036036036036,0.5,1.0,0.018018018018018018,0.036036036036036036,0.034782608695652174,0.06956521739130435
RF1_Exclude2Attack,SINIFGSM,0,0.0,0.0,0.0,0.0,0.0,0.0,0.0
RF1_Exclude2Attack,VNIFGSM,0,0.7079646017699115,0.42105263157894735,0.7303213786679087,0.40816326530612246,0.7079646017699115,0.41450777202072536,0.7189692328855058
DT100_Exclude2Attack,baseline,0,0.8426508700481303,0.8665134907617138,0.852114386499521,0.7674078084238787,0.8426508700481303,0.7938651110965458,0.8305843771567568
DT100_Exclude2Attack,BIM,0,0.7073615160349854,0.7034563012976938,0.7055277630279094,0.6940437396390817,0.7073615160349854,0.6961098655698057,0.7039093050968054
DT100_Exclude2Attack,FGSM,0,0.7622815694032311,0.7609551448856029,0.7626690642061338,0.7615604707053396,0.7622815694032311,0.761201261527061,0.7624192557011744
DT100_Exclude2Attack,PGD,0,0.7073615160349854,0.7034563012976938,0.7055277630279094,0.6940437396390817,0.7073615160349854,0.6961098655698057,0.7039093050968054
DT100_Exclude2Attack,DF,0,0.8578660436137072,0.6547523391685146,0.9224138343515046,0.8076517629952744,0.8578660436137072,0.6902755606428042,0.8808443046457156
DT100_Exclude2Attack,AutoPGD,0,0.953518746158574,0.9614497393734981,0.9555907700403788,0.9425041181753363,0.953518746158574,0.9502820982110204,0.9530324205560962
DT100_Exclude2Attack,ZOO,0,0.9462671784078247,0.9535190415969346,0.9473290152807725,0.9118988783295794,0.9462671784078247,0.9299417008582347,0.9449775536103705
DT100_Exclude2Attack,CaFA,0,0.7613636363636364,0.628615924980947,0.8158600652470561,0.6826760165662651,0.7613636363636364,0.6414658682634731,0.7817829069134459
DT100_Exclude2Attack,SINIFGSM,0,0.6126956894702981,0.6202756478335734,0.6338368140368524,0.6223012281348499,0.6126956894702981,0.6122448509753624,0.6142892192448509
DT100_Exclude2Attack,VNIFGSM,0,0.7142528206309003,0.7189577129530371,0.7183242437907102,0.7122834602228842,0.7142528206309003,0.7113705118856112,0.7120545621177882
DT50_Exclude2Attack,baseline,0,0.7359194330473704,0.7527474051889108,0.7468421455804886,0.7031636702577826,0.7359194330473704,0.7067924920015274,0.7219247134442789
DT50_Exclude2Attack,BIM,0,0.8106570872623858,0.8016044841274037,0.816887963580091,0.8113811634451199,0.8106570872623858,0.8047716893452995,0.8121639520739158
DT50_Exclude2Attack,FGSM,0,0.8372789115646259,0.8229451275045537,0.8369347948651227,0.8214946817887994,0.8372789115646259,0.8222070307364657,0.8370957952554986
DT50_Exclude2Attack,PGD,0,0.8106570872623858,0.8016044841274037,0.816887963580091,0.8113811634451199,0.8106570872623858,0.8047716893452995,0.8121639520739158
DT50_Exclude2Attack,DF,0,0.808548216178029,0.6113377722272115,0.9247221529169721,0.7921517836102274,0.808548216178029,0.6291565158546017,0.8493646111728971
DT50_Exclude2Attack,AutoPGD,0,0.9297948981842241,0.9212553646462408,0.9309418060614009,0.9288987572171501,0.9297948981842241,0.9247811031213966,0.9301104018029271
DT50_Exclude2Attack,ZOO,0,0.8217537732318823,0.8283010353811704,0.8245299258609521,0.7906381506096272,0.8217537732318823,0.8017605346154614,0.8163746025907792
DT50_Exclude2Attack,CaFA,0,0.5126696832579185,0.5092824492569065,0.7212054808854448,0.5161128308699254,0.5126696832579185,0.4528016508576722,0.5706540429561052
DT50_Exclude2Attack,SINIFGSM,0,0.9487285936689154,0.8507654294192486,0.9529530341719388,0.8979210779534473,0.9487285936689154,0.8722784260252029,0.9503421732033173
DT50_Exclude2Attack,VNIFGSM,0,0.9526572290554653,0.8511515178627675,0.9570753895867691,0.9039238347323257,0.9526572290554653,0.8750422372636082,0.9543103948602193
DT20_Exclude2Attack,baseline,0,0.6396819660281894,0.6547328132350156,0.6532034299006088,0.6325220671721057,0.6396819660281894,0.6231228369719815,0.6261777107806267
DT20_Exclude2Attack,BIM,0,0.7293190770962296,0.648549693678627,0.7165335123725504,0.6322862648390086,0.7293190770962296,0.638358344719454,0.7215008633394288
DT20_Exclude2Attack,FGSM,0,0.871280276816609,0.7627309359991772,0.8829940574171751,0.803793620533984,0.871280276816609,0.780326385118276,0.8759365526230627
DT20_Exclude2Attack,PGD,0,0.7293190770962296,0.648549693678627,0.7165335123725504,0.6322862648390086,0.7293190770962296,0.638358344719454,0.7215008633394288
DT20_Exclude2Attack,DF,0,0.7807443365695793,0.5893061966395509,0.8960253381499085,0.7108783488065764,0.7807443365695794,0.597476386185017,0.823155265135791
DT20_Exclude2Attack,AutoPGD,0,0.8031045751633987,0.7910676816179594,0.8050320200866075,0.7955100805409755,0.8031045751633987,0.7930494461295888,0.803849951667017
DT20_Exclude2Attack,ZOO,0,0.7039506172839506,0.7133553680498599,0.7111049717247359,0.6930531667681592,0.7039506172839506,0.6920860024824871,0.6966676839215428
DT20_Exclude2Attack,CaFA,0,0.6481357445858451,0.6032184618926425,0.6346112517310178,0.5926446239746016,0.6481357445858451,0.5948006109472713,0.6386831178240548
DT20_Exclude2Attack,SINIFGSM,0,0.9132698868737655,0.8577102317928691,0.9118386433611307,0.844528023258497,0.9132698868737655,0.8508911930730125,0.9124559505582088
DT20_Exclude2Attack,VNIFGSM,0,0.7674275138803208,0.7547933778306065,0.7645825185540027,0.7445035476897408,0.7674275138803208,0.7485637758408232,0.7650341417116457
DT1_Exclude2Attack,baseline,0,0.682688028482421,0.6913833808861551,0.7160992613549512,0.6990218361880023,0.682688028482421,0.6812293507338479,0.6857301393133267
DT1_Exclude2Attack,BIM,0,0.8354002254791432,0.84735055564399,0.8421696050507831,0.8210851372012553,0.8354002254791432,0.8272792854526205,0.8321912578430128
DT1_Exclude2Attack,FGSM,0,0.7871967261034785,0.8138543274906911,0.8053817565071585,0.764451331496786,0.7871967261034785,0.7700171465255938,0.7783037672631617
DT1_Exclude2Attack,PGD,0,0.8354002254791432,0.84735055564399,0.8421696050507831,0.8210851372012553,0.8354002254791432,0.8272792854526205,0.8321912578430128
DT1_Exclude2Attack,DF,0,0.6066825775656325,0.5243497386934098,0.8315645979615452,0.5616274381027347,0.6066825775656325,0.4754097962118332,0.6824650515341902
DT1_Exclude2Attack,AutoPGD,0,0.6561633476178472,0.6535659040640007,0.6627631413018346,0.6564707667644609,0.6561633476178472,0.6532922127118184,0.6577699106400573
DT1_Exclude2Attack,ZOO,0,0.6943632567849687,0.6997302605023752,0.729556723784356,0.7111197262836607,0.6943632567849687,0.6914765394632898,0.6985168068881037
DT1_Exclude2Attack,CaFA,0,0.7773109243697479,0.5379816767183832,0.9044271914373226,0.6113746817866235,0.7773109243697479,0.5293536027685082,0.8293424896840457
DT1_Exclude2Attack,SINIFGSM,0,0.7324263038548753,0.6062757484207635,0.7598255195147728,0.6267441860465116,0.7324263038548753,0.6129737609329446,0.7441277774472276
DT1_Exclude2Attack,VNIFGSM,0,0.8151155527795128,0.8230110870613143,0.8312122549282179,0.8232524593265229,0.8151155527795128,0.815114903604568,0.8151497426599363
XGB100_Exclude3Attack,baseline,0,0.7154394299287411,0.7667441860465116,0.7544228028503562,0.6770051943696644,0.7154394299287411,0.6712173350949834,0.6883448044671253
XGB100_Exclude3Attack,BIM,0,0.6626289816061014,0.6413189522493918,0.6934025703256947,0.6570285379502174,0.6626289816061014,0.6416766426103909,0.6714141923909448
XGB100_Exclude3Attack,FGSM,0,0.7489339019189766,0.7287007845149938,0.7496681682763792,0.7299780657290842,0.7489339019189766,0.7293195492764105,0.7492834646393391
XGB100_Exclude3Attack,PGD,0,0.6626289816061014,0.6413189522493918,0.6934025703256947,0.6570285379502174,0.6626289816061014,0.6416766426103909,0.6714141923909448
XGB100_Exclude3Attack,DF,0,0.4504685408299866,0.4815715656602938,0.5496553522967143,0.4792272089032191,0.4504685408299866,0.44479695460193236,0.46568041117675474
XGB100_Exclude3Attack,AutoPGD,0,0.8483598101918712,0.8173739748149538,0.8459139216344027,0.8046142022620009,0.8483598101918712,0.8105216012485578,0.8468050546074045
XGB100_Exclude3Attack,ZOO,0,0.8403506025982157,0.8678201221463648,0.8550137083535535,0.806399059366276,0.8403506025982157,0.8207020638475175,0.8331972338804674
XGB100_Exclude3Attack,CaFA,0,0.6275243081525804,0.568672748883074,0.7229811328096494,0.5970150987224158,0.6275243081525804,0.5590089016054681,0.6582067293008128
XGB100_Exclude3Attack,SINIFGSM,0,0.5919487648673376,0.5912224603227751,0.7313992374233456,0.6268058942900229,0.5919487648673376,0.5608179695270494,0.6227586241731898
XGB100_Exclude3Attack,VNIFGSM,0,0.621160409556314,0.6028999562404646,0.6508336461945693,0.6131128625985212,0.621160409556314,0.6013919965560112,0.6300221119357601
XGB50_Exclude3Attack,baseline,0,0.7206025267249757,0.7592596501809409,0.7472138692630248,0.6684993997599039,0.7206025267249757,0.6671063613953092,0.6925251454064962
XGB50_Exclude3Attack,BIM,0,0.6343873517786561,0.6282428583247646,0.6385708366834334,0.6303128565423648,0.6343873517786561,0.6286304831651902,0.6358494136487427
XGB50_Exclude3Attack,FGSM,0,0.7175897748021911,0.7261228457253945,0.7259401805985981,0.7171697414240201,0.7175897748021911,0.7146416326041714,0.7147652074268429
XGB50_Exclude3Attack,PGD,0,0.6343873517786561,0.6282428583247646,0.6385708366834334,0.6303128565423648,0.6343873517786561,0.6286304831651902,0.6358494136487427
XGB50_Exclude3Attack,DF,0,0.42350877192982456,0.4928092867396675,0.6655464749897211,0.4895964227090055,0.42350877192982456,0.40497422260219884,0.466878880396257
XGB50_Exclude3Attack,AutoPGD,0,0.8729153472662022,0.8329703333220572,0.8734069782070533,0.8354611750205423,0.8729153472662022,0.8342016069166067,0.8731521285527443
XGB50_Exclude3Attack,ZOO,0,0.8360966366650876,0.861763028459292,0.848541937681431,0.7917252133932147,0.8360966366650876,0.8091147592547336,0.8274615293208248
XGB50_Exclude3Attack,CaFA,0,0.6279893711248893,0.5320784327251405,0.742290312462643,0.5514841016784022,0.6279893711248893,0.5171086398631308,0.6693903095997048
XGB50_Exclude3Attack,SINIFGSM,0,0.5924344112263575,0.593501656122291,0.6048701343615814,0.5956198387386646,0.5924344112263575,0.5905564697083021,0.5947014757616677
XGB50_Exclude3Attack,VNIFGSM,0,0.586966713548992,0.5810568520886615,0.589019904854459,0.5817281949804357,0.586966713548992,0.5812137621125386,0.5878181503615871
XGB20_Exclude3Attack,baseline,0,0.7030995106035889,0.7266961368441285,0.7193180368083542,0.6557746912900883,0.7030995106035889,0.6529613039691426,0.6768468873872694
XGB20_Exclude3Attack,BIM,0,0.6246851385390428,0.612705086178248,0.6434002452121251,0.6195999999999999,0.6246851385390428,0.6120668058564644,0.6302188766149222
XGB20_Exclude3Attack,FGSM,0,0.7371541501976284,0.7542757825895492,0.7535277501064072,0.735578125,0.7371541501976284,0.7317734962018937,0.7322239695596761
XGB20_Exclude3Attack,PGD,0,0.6246851385390428,0.612705086178248,0.6434002452121251,0.6195999999999999,0.6246851385390428,0.6120668058564644,0.6302188766149222
XGB20_Exclude3Attack,DF,0,0.5549738219895288,0.5513585556526219,0.5770017238562637,0.5541219348686136,0.5549738219895288,0.5473065675445131,0.5607462951636499
XGB20_Exclude3Attack,AutoPGD,0,0.8139207874384814,0.7712724090446959,0.8192485701649554,0.7842186733114358,0.8139207874384814,0.777062332566343,0.8160876821917713
XGB20_Exclude3Attack,ZOO,0,0.8018002117896224,0.8250446959729558,0.815121296692832,0.7674909356530117,0.8018002117896224,0.7782919170351599,0.792358669018318
XGB20_Exclude3Attack,CaFA,0,0.6278395360077332,0.5332803324099723,0.6537018822908816,0.5376277204006875,0.6278395360077332,0.5333538371411833,0.6392062366232579
XGB20_Exclude3Attack,SINIFGSM,0,0.5312682641729982,0.5316857049162408,0.5442553095183223,0.532500140150241,0.5312682641729982,0.5285043774653307,0.534222036226994
XGB20_Exclude3Attack,VNIFGSM,0,0.6144814090019569,0.6037868997662228,0.6268750458732749,0.6081757763668081,0.6144814090019569,0.603643189493692,0.6184575605375334
XGB1_Exclude3Attack,baseline,0,0.6232,0.6262338258407627,0.6259208120635412,0.62115577683529,0.6232,0.6184823665951908,0.6193648016205509
XGB1_Exclude3Attack,BIM,0,0.6575342465753424,0.4587878787878788,0.7499244499792446,0.4317543155359293,0.6575342465753424,0.438399330387366,0.6988623228739521
XGB1_Exclude3Attack,FGSM,0,0.8185840707964602,0.5426327599102468,0.8858029798584864,0.5848214285714286,0.8185840707964602,0.5469170211725588,0.8480793504699123
XGB1_Exclude3Attack,PGD,0,0.6575342465753424,0.4587878787878788,0.7499244499792446,0.4317543155359293,0.6575342465753424,0.438399330387366,0.6988623228739521
XGB1_Exclude3Attack,DF,0,0.3701492537313433,0.3835838867401299,0.402287003281774,0.3809337214509628,0.3701492537313433,0.36958751393534006,0.37357586648696317
XGB1_Exclude3Attack,AutoPGD,0,0.6169928825622776,0.5892736090107942,0.6293780898937914,0.5939695550351288,0.6169928825622776,0.5901804810159227,0.6218890602359598
XGB1_Exclude3Attack,ZOO,0,0.6456400742115028,0.6270281238954332,0.641285902348569,0.6230424032602342,0.6456400742115028,0.6243444055944056,0.6428190895375496
XGB1_Exclude3Attack,CaFA,0,0.4117647058823529,0.4605798031664527,0.4847592438772685,0.46797879735835934,0.4117647058823529,0.402851679414699,0.3853557385707858
XGB1_Exclude3Attack,SINIFGSM,0,0.17632241813602015,0.2180381586596903,0.32945614917227767,0.12259479343520091,0.17632241813602015,0.15291054661246437,0.22775759042262
XGB1_Exclude3Attack,VNIFGSM,0,0.4178712220762155,0.3152951055662188,0.4317427253764998,0.3064731020613373,0.4178712220762155,0.31075746083280004,0.42465509362163184
RF100_Exclude3Attack,baseline,0,0.892498997192138,0.9018887876356334,0.8948292187031323,0.8224954094302841,0.892498997192138,0.8512331109666271,0.8866532585493772
RF100_Exclude3Attack,BIM,0,0.6225296442687747,0.6025763277752653,0.7291429529840948,0.6380126877090357,0.6225296442687747,0.5862685296440915,0.6489145674603
RF100_Exclude3Attack,FGSM,0,0.7023080546396608,0.656998706068954,0.7349240606608747,0.6814797960414496,0.7023080546396608,0.662017612800516,0.7129715549354236
RF100_Exclude3Attack,PGD,0,0.6225296442687747,0.6025763277752653,0.7291429529840948,0.6380126877090357,0.6225296442687747,0.5862685296440915,0.6489145674603
RF100_Exclude3Attack,DF,0,0.5644090305444888,0.5957745956373349,0.6297696093008389,0.5966479986822599,0.5644090305444888,0.5643713842246367,0.565344810495097
RF100_Exclude3Attack,AutoPGD,0,0.9352678571428571,0.8854323032241223,0.9401278976920441,0.9234686524847726,0.9352678571428571,0.9025695839052632,0.9367881210668244
RF100_Exclude3Attack,ZOO,0,0.9878969286829776,0.9903698036543185,0.9879911693449951,0.9776658318060857,0.9878969286829776,0.9838090597732695,0.9878175217499996
RF100_Exclude3Attack,CaFA,0,0.6732283464566929,0.60281217750258,0.8732102662863737,0.7305800665412989,0.6732283464566929,0.5773032581453634,0.7295149685236714
RF100_Exclude3Attack,SINIFGSM,0,0.6935323383084577,0.6538468176082496,0.7934996626039185,0.7162232536107714,0.6935323383084577,0.6492766628596292,0.7182014683205499
RF100_Exclude3Attack,VNIFGSM,0,0.622204786190663,0.5905312009300641,0.6899675771771455,0.6122910716793857,0.622204786190663,0.5840512541309993,0.6419240339779761
RF50_Exclude3Attack,baseline,0,0.8050047214353163,0.8089176008613592,0.8065945314840401,0.7356951506920751,0.8050047214353163,0.7544539458337532,0.792117166781432
RF50_Exclude3Attack,BIM,0,0.6006480356419603,0.5721867087597609,0.6996089743419047,0.5967040122280141,0.6006480356419603,0.5569999723401808,0.6283575158283803
RF50_Exclude3Attack,FGSM,0,0.7169154228855721,0.666566254103653,0.7226337495339341,0.6727078891257996,0.7169154228855721,0.6692559799487034,0.7194764152321143
RF50_Exclude3Attack,PGD,0,0.6006480356419603,0.5721867087597609,0.6996089743419047,0.5967040122280141,0.6006480356419603,0.5569999723401808,0.6283575158283803
RF50_Exclude3Attack,DF,0,0.5007072135785007,0.5385735080058224,0.5684679509747605,0.5372304411117506,0.5007072135785007,0.500223283570134,0.49659380850738427
RF50_Exclude3Attack,AutoPGD,0,0.8784961859789321,0.8083347966447395,0.8966498321702965,0.8685772176977034,0.8784961859789321,0.8315367571587002,0.8838754394351197
RF50_Exclude3Attack,ZOO,0,0.9117826617826618,0.9114119272849432,0.911718165749408,0.8755471357890166,0.9117826617826618,0.8907285639562288,0.9097768124069863
RF50_Exclude3Attack,CaFA,0,0.31560283687943264,0.49697269604703964,0.9817882811296815,0.40714285714285714,0.31560283687943264,0.24361058995205337,0.4736547812832193
RF50_Exclude3Attack,SINIFGSM,0,0.6653185035389282,0.6140298437606372,0.7610573351250713,0.661046511627907,0.6653185035389282,0.6084185016124556,0.6927874699861908
RF50_Exclude3Attack,VNIFGSM,0,0.5931353644427304,0.555801287523599,0.6489331351758983,0.5671452515452764,0.5931353644427304,0.5500962511789844,0.6115423667487964
RF20_Exclude3Attack,baseline,0,0.7273831208257437,0.7280430643917486,0.727745351334293,0.677019548543992,0.7273831208257437,0.6830456468135608,0.7106126152334734
RF20_Exclude3Attack,BIM,0,0.5896155766350474,0.572450940318903,0.6972958850356085,0.5967507813001691,0.5896155766350474,0.5527589623902315,0.6175625050015513
RF20_Exclude3Attack,FGSM,0,0.6722488038277512,0.6286676286676287,0.685215103875391,0.637248042645344,0.6722488038277512,0.6315000353918522,0.6775256227618964
RF20_Exclude3Attack,PGD,0,0.5896155766350474,0.572450940318903,0.6972958850356085,0.5967507813001691,0.5896155766350474,0.5527589623902315,0.6175625050015513
RF20_Exclude3Attack,DF,0,0.543509272467903,0.5615305581333687,0.5962166886077596,0.5646638801811216,0.543509272467903,0.5417851423342158,0.5489623352163091
RF20_Exclude3Attack,AutoPGD,0,0.8400506970849176,0.7793583956096759,0.8636197419255349,0.8321585824234831,0.8400506970849176,0.7978782738073247,0.8469078114136271
RF20_Exclude3Attack,ZOO,0,0.847216815881666,0.8473629312926645,0.8472616605193273,0.8121491179444296,0.847216815881666,0.8248242359489195,0.8431576274670743
RF20_Exclude3Attack,CaFA,0,0.49403341288782815,0.5168422770292321,0.562097959849478,0.5180697278911565,0.49403341288782815,0.49124856815578466,0.5024777807849923
RF20_Exclude3Attack,SINIFGSM,0,0.5815494393476045,0.5648832415856019,0.6376781283621649,0.5757371072703955,0.5815494393476045,0.5564184718927232,0.5973168343460631
RF20_Exclude3Attack,VNIFGSM,0,0.5745882352941176,0.551573019986459,0.6323592210866212,0.5610366382425206,0.5745882352941176,0.543203746823114,0.592055365322863
RF1_Exclude3Attack,baseline,0,0.6610169491525424,0.7106047995561104,0.7049074720629345,0.643028732925106,0.6610169491525424,0.6230965790571548,0.6309122278554408
RF1_Exclude3Attack,BIM,0,0.5885167464114832,0.45516581632653064,0.5692949907235622,0.4594298245614035,0.5885167464114832,0.45651910982099664,0.5782645027928047
RF1_Exclude3Attack,FGSM,0,0.835820895522388,0.5540472599296129,0.8696337317935211,0.5794530672579453,0.835820895522388,0.5613095238095238,0.8513592750533049
RF1_Exclude3Attack,PGD,0,0.5885167464114832,0.45516581632653064,0.5692949907235622,0.4594298245614035,0.5885167464114832,0.45651910982099664,0.5782645027928047
RF1_Exclude3Attack,DF,0,0.95,0.96875,0.953125,0.9,0.95,0.9283154121863799,0.9480286738351253
RF1_Exclude3Attack,AutoPGD,0,0.6109660574412533,0.6509554782433318,0.6487542257221165,0.6021495103893002,0.6109660574412533,0.5724165317988372,0.5764390909963066
RF1_Exclude3Attack,ZOO,0,0.6828597616865261,0.7445178085025688,0.7326773585450073,0.6452166108104049,0.6828597616865261,0.6279899873856828,0.6456687929480069
RF1_Exclude3Attack,CaFA,0,0.36363636363636365,0.40227434257285,0.4207533759772566,0.4242424242424242,0.36363636363636365,0.35157894736842105,0.3294736842105263
RF1_Exclude3Attack,SINIFGSM,0,0.5668202764976958,0.5668202764976958,0.7518316379621569,0.6060677566155401,0.5668202764976958,0.5226639833384036,0.610976569656988
RF1_Exclude3Attack,VNIFGSM,0,0.30127041742286753,0.25380390002746495,0.3414672880099652,0.22584640792733277,0.30127041742286753,0.23866894920631504,0.3198923731581711
DT100_Exclude3Attack,baseline,0,0.8430059523809523,0.8705561612992656,0.8541867176041803,0.7669451862061044,0.8430059523809523,0.793906976744186,0.830506670473422
DT100_Exclude3Attack,BIM,0,0.7324304538799414,0.6814209194965063,0.7661260470888424,0.7134242469858908,0.7324304538799414,0.6891909579122937,0.7431660696599364
DT100_Exclude3Attack,FGSM,0,0.8555021367521367,0.7667080440683169,0.8659080304225892,0.7991605107456488,0.8555021367521367,0.7807644599921636,0.859639034688073
DT100_Exclude3Attack,PGD,0,0.7324304538799414,0.6814209194965063,0.7661260470888424,0.7134242469858908,0.7324304538799414,0.6891909579122937,0.7431660696599364
DT100_Exclude3Attack,DF,0,0.30570979570455736,0.3265067161541181,0.33628798471121796,0.3757462883422834,0.30570979570455736,0.2888893528095,0.2590181711831959
DT100_Exclude3Attack,AutoPGD,0,0.9623509124874263,0.9588797741101311,0.9623899620314845,0.9597141139815726,0.9623509124874263,0.9592941283424772,0.9623680103886041
DT100_Exclude3Attack,ZOO,0,0.9517923362175525,0.9583695901076253,0.9526735605251545,0.9214706713196967,0.9517923362175525,0.9377345537052943,0.9507829845075153
DT100_Exclude3Attack,CaFA,0,0.5804263565891473,0.5444852051348978,0.788011698633317,0.5868902241198075,0.5804263565891473,0.49902238645332564,0.6408922863294569
DT100_Exclude3Attack,SINIFGSM,0,0.7775862068965518,0.7036381738977807,0.8176371879340852,0.7565963431786217,0.7775862068965518,0.7182642270540516,0.7902275520374388
DT100_Exclude3Attack,VNIFGSM,0,0.6586648376771833,0.63094246532309,0.6924891452505202,0.6478712082187255,0.6586648376771833,0.6316273374289689,0.6689094263788274
DT50_Exclude3Attack,baseline,0,0.729136690647482,0.7522754291822089,0.7450488143612458,0.6961498486005688,0.729136690647482,0.6978162723975532,0.7127240915869048
DT50_Exclude3Attack,BIM,0,0.609850939727803,0.6277372784173361,0.6375459157632091,0.6237083925654328,0.609850939727803,0.6089636612565615,0.606808842112118
DT50_Exclude3Attack,FGSM,0,0.7396291340087937,0.7387984820995144,0.7398674645144098,0.7391212194818575,0.7396291340087937,0.7389284395117318,0.7397170440194952
DT50_Exclude3Attack,PGD,0,0.609850939727803,0.6277372784173361,0.6375459157632091,0.6237083925654328,0.609850939727803,0.6089636612565615,0.606808842112118
DT50_Exclude3Attack,DF,0,0.42731857048892785,0.4480863504234805,0.4955980123087289,0.4434440529575059,0.42731857048892785,0.4227672135875251,0.43893857798534874
DT50_Exclude3Attack,AutoPGD,0,0.780750276576486,0.8009809936039445,0.7950506222608023,0.7645253477884613,0.780750276576486,0.7680456962736195,0.7738056155772396
DT50_Exclude3Attack,ZOO,0,0.8198705656759347,0.8316564567656033,0.8255398169652118,0.790259669510003,0.8198705656759347,0.8011368044790963,0.8139380860466353
DT50_Exclude3Attack,CaFA,0,0.3356255969436485,0.44639545699463934,0.6827172901363546,0.4049590846965957,0.3356255969436485,0.3114463698032104,0.4024696988854101
DT50_Exclude3Attack,SINIFGSM,0,0.6258902387934646,0.5775495779874514,0.6071351190271972,0.5664035866062672,0.6258902387934646,0.5662688135460787,0.6115406754288395
DT50_Exclude3Attack,VNIFGSM,0,0.6460608877527306,0.6349776399372922,0.6432631747119404,0.632140615539523,0.6460608877527306,0.633058466966063,0.6441827603057676
DT20_Exclude3Attack,baseline,0,0.6551181102362205,0.6678510022379905,0.6670326929833781,0.6521623172225581,0.6551181102362205,0.6457057764365617,0.6468425317263755
DT20_Exclude3Attack,BIM,0,0.8361514126759026,0.7250792935867083,0.8303484611479774,0.7080087072708239,0.8361514126759026,0.7158291647286927,0.8329239927812584
DT20_Exclude3Attack,FGSM,0,0.8765867418899859,0.796033432335131,0.8759896083869848,0.7931199308144967,0.8765867418899859,0.7945621686419826,0.8762815909478431
DT20_Exclude3Attack,PGD,0,0.8361514126759026,0.7250792935867083,0.8303484611479774,0.7080087072708239,0.8361514126759026,0.7158291647286927,0.8329239927812584
DT20_Exclude3Attack,DF,0,0.3478790833739639,0.3482977501845427,0.35418525220830593,0.34645917108279745,0.3478790833739639,0.346181784684166,0.3498362555473673
DT20_Exclude3Attack,AutoPGD,0,0.8558293161935369,0.852275645612696,0.8554475168749341,0.8494837726045759,0.8558293161935369,0.8507780824782794,0.8555425649345921
DT20_Exclude3Attack,ZOO,0,0.7317041634341868,0.7391134814525528,0.7371732944220519,0.7237880912669254,0.7317041634341868,0.72418461169764,0.7273054906485952
DT20_Exclude3Attack,CaFA,0,0.5086724482988659,0.5340458353690534,0.6116272911229251,0.5394864489793777,0.5086724482988659,0.5000819036050604,0.5256130898706195
DT20_Exclude3Attack,SINIFGSM,0,0.8653259253462712,0.6078688303260552,0.868786437580886,0.6134598171588574,0.8653259253462712,0.6105422273742254,0.8670267840111386
DT20_Exclude3Attack,VNIFGSM,0,0.9040561058491794,0.7280236387101672,0.9040244709373024,0.7278732412464775,0.9040561058491794,0.7279484043805945,0.9040402802110172
DT1_Exclude3Attack,baseline,0,0.6682492581602374,0.6587924070966948,0.6743656294948669,0.6628156432440037,0.6682492581602374,0.6597704362952954,0.6703211507212194
DT1_Exclude3Attack,BIM,0,0.9335741794758188,0.5536846386882349,0.9656096955337322,0.6394060915209849,0.9335741794758188,0.5723773037474073,0.9481876108864729
DT1_Exclude3Attack,FGSM,0,0.9326656123704095,0.5565867070535641,0.9511842584314106,0.5963493762569457,0.9326656123704095,0.5695199638685878,0.9413916681293206
DT1_Exclude3Attack,PGD,0,0.9335741794758188,0.5536846386882349,0.9656096955337322,0.6394060915209849,0.9335741794758188,0.5723773037474073,0.9481876108864729
DT1_Exclude3Attack,DF,0,0.3358504135203164,0.32212735093678413,0.3185916332487088,0.36946900789426534,0.3358504135203164,0.30922349780018277,0.2907407119797969
DT1_Exclude3Attack,AutoPGD,0,0.9162134162134162,0.9105853781726592,0.9159618275660868,0.907323811852764,0.9162134162134162,0.9089066603654229,0.9160463664683776
DT1_Exclude3Attack,ZOO,0,0.6844909959573686,0.6708108625453577,0.6897334960631052,0.6751254774599917,0.6844909959573686,0.6722671364494874,0.6864565832616805
DT1_Exclude3Attack,CaFA,0,0.8143322475570033,0.6245114942528736,0.9473276798083045,0.8774390243902439,0.8143322475570033,0.6450867052023121,0.858240289205626
DT1_Exclude3Attack,SINIFGSM,0,0.9482035588801995,0.5443586157839461,0.9911912945532952,0.8219842497896948,0.9482035588801995,0.5671158249165318,0.9674612639788265
DT1_Exclude3Attack,VNIFGSM,0,0.9254075805544871,0.5508524189622025,0.9611743243360221,0.6312786943225402,0.9254075805544871,0.567597194556965,0.9417129523597997
model,attack_model,epsilon,Accuracy,Macro Precision,Weighted Precision,Macro Recall,Weighted Recall,Macro F1,Weighted F1
,,,,,,,,,
Recommendation,baseline,0,0.9080914687774846,0.9218471904398677,0.9110156410554,0.8093963434059317,0.9080914687774846,0.8492097460685601,0.9010886460204063
Recommendation,BIM,0,0.6875241405948243,0.6654957703487019,0.6769973087957925,0.6358873047509281,0.6875241405948243,0.6393768600405819,0.6724081339091901
Recommendation,FGSM,0,0.7704194260485652,0.7282666260641608,0.7677543385890665,0.7224662112341655,0.7704194260485652,0.7251767754074981,0.7689425168872681
Recommendation,PGD,0,0.6875241405948243,0.6654957703487019,0.6769973087957925,0.6358873047509281,0.6875241405948243,0.6393768600405819,0.6724081339091901
Recommendation,DF,0,0.854607250755287,0.6195335510308618,0.9328748765851936,0.7883712623121351,0.854607250755287,0.6498171422251182,0.8838340859973703
Recommendation,AutoPGD,0,0.9326940152725981,0.9572757191366361,0.9368430658669905,0.8165300762302828,0.9326940152725981,0.8668367468229772,0.9266238377513578
Recommendation,ZOO,0,0.9761606022584692,0.9804760898381931,0.9764367770976552,0.9509250103632931,0.9761606022584692,0.9647258654756539,0.9757826175704967
Recommendation,CaFA,0,0.7465346534653465,0.7231993299832495,0.757875184503375,0.7366373006476774,0.7465346534653465,0.7276435096234873,0.7502276590284167
Recommendation,SINIFGSM,0,0.6902621722846441,0.6829683158323554,0.6860439097683133,0.6416705065259953,0.6902621722846441,0.6430538409025843,0.6710579592095529
Recommendation,VNIFGSM,0,0.7383966244725738,0.7012224257386319,0.7291540448970417,0.67999941714752,0.7383966244725738,0.6873042193288299,0.7311434229072825
model,attack_model,epsilon,Accuracy,Macro Precision,Weighted Precision,Macro Recall,Weighted Recall,Macro F1,Weighted F1
,,,,,,,,,
Recommendation_Euclidean,baseline,0,0.9080914687774846,0.9218471904398677,0.9110156410554,0.8093963434059317,0.9080914687774846,0.8492097460685601,0.9010886460204063
Recommendation_Euclidean,BIM,0,0.6875241405948243,0.6654957703487019,0.6769973087957925,0.6358873047509281,0.6875241405948243,0.6393768600405819,0.6724081339091901
Recommendation_Euclidean,FGSM,0,0.7704194260485652,0.7282666260641608,0.7677543385890665,0.7224662112341655,0.7704194260485652,0.7251767754074981,0.7689425168872681
Recommendation_Euclidean,PGD,0,0.6875241405948243,0.6654957703487019,0.6769973087957925,0.6358873047509281,0.6875241405948243,0.6393768600405819,0.6724081339091901
Recommendation_Euclidean,DF,0,0.854607250755287,0.6195335510308618,0.9328748765851936,0.7883712623121351,0.854607250755287,0.6498171422251182,0.8838340859973703
Recommendation_Euclidean,AutoPGD,0,0.9326940152725981,0.9572757191366361,0.9368430658669905,0.8165300762302828,0.9326940152725981,0.8668367468229772,0.9266238377513578
Recommendation_Euclidean,ZOO,0,0.9761606022584692,0.9804760898381931,0.9764367770976552,0.9509250103632931,0.9761606022584692,0.9647258654756539,0.9757826175704967
Recommendation_Euclidean,CaFA,0,0.7465346534653465,0.7231993299832495,0.757875184503375,0.7366373006476774,0.7465346534653465,0.7276435096234873,0.7502276590284167
Recommendation_Euclidean,SINIFGSM,0,0.6902621722846441,0.6829683158323554,0.6860439097683133,0.6416705065259953,0.6902621722846441,0.6430538409025843,0.6710579592095529
Recommendation_Euclidean,VNIFGSM,0,0.7383966244725738,0.7012224257386319,0.7291540448970417,0.67999941714752,0.7383966244725738,0.6873042193288299,0.7311434229072825
Recommendation_cosine,baseline,0,0.9115401885945218,0.9237497784260005,0.9140216197965181,0.8165054666322897,0.9115401885945218,0.8553507518171042,0.9051844669993817
Recommendation_cosine,BIM,0,0.7269866247049567,0.6766929841738913,0.7250410293265789,0.6740744150969868,0.7269866247049567,0.6753242068563419,0.7259676421043924
Recommendation_cosine,FGSM,0,0.7730434782608696,0.725372998289256,0.7799814354398369,0.7371508987823188,0.7730434782608696,0.7304810932688965,0.7759306422318787
Recommendation_cosine,PGD,0,0.7269866247049567,0.6766929841738913,0.7250410293265789,0.6740744150969868,0.7269866247049567,0.6753242068563419,0.7259676421043924
Recommendation_cosine,DF,0,0.9329197363319116,0.7342884213371519,0.9630123300626886,0.9285464452707927,0.9329197363319116,0.7947510908392504,0.9426490029568676
Recommendation_cosine,AutoPGD,0,0.9505021520803444,0.9361365404143476,0.9494427411905215,0.8754479709661778,0.9505021520803444,0.9022316932819991,0.9486541253269621
Recommendation_cosine,ZOO,0,0.9762304250559284,0.9795687965985068,0.9764328479694823,0.952443627782966,0.9762304250559284,0.9651723604937972,0.9758846890423232
Recommendation_cosine,CaFA,0,0.7465069860279441,0.7239674181339477,0.7662607646316714,0.7440119760479043,0.7465069860279441,0.7288048180651872,0.7519006153290967
Recommendation_cosine,SINIFGSM,0,0.7299658184580327,0.6894265021062744,0.7197734518164713,0.6686058979469671,0.7299658184580327,0.6755863553301603,0.7221468789544888
Recommendation_cosine,VNIFGSM,0,0.7278014734393176,0.6698710230705212,0.7355647419151361,0.6785936361859755,0.7278014734393176,0.6735937432391501,0.7312055744794802
Recommendation_manhattan,baseline,0,0.9301601423487544,0.9403091749655971,0.9318141567908736,0.8492044285089966,0.9301601423487544,0.8849705513582292,0.9261511296632926
Recommendation_manhattan,BIM,0,0.7672003461704889,0.7050754421550834,0.7793684448895021,0.7230994067148651,0.7672003461704889,0.7123706808802028,0.7720910001607028
Recommendation_manhattan,FGSM,0,0.7679269882659713,0.7098178137651823,0.7875095672186182,0.7368809661937662,0.7679269882659713,0.7193871678505657,0.774926460802362
Recommendation_manhattan,PGD,0,0.7672003461704889,0.7050754421550834,0.7793684448895021,0.7230994067148651,0.7672003461704889,0.7123706808802028,0.7720910001607028
Recommendation_manhattan,DF,0,0.7642476424764247,0.5644372012548389,0.9365862809339839,0.747457968388201,0.7642476424764247,0.5533315603655711,0.8277993259286808
Recommendation_manhattan,AutoPGD,0,0.967842134112918,0.9749178923530214,0.9683793127025043,0.9030995435609692,0.967842134112918,0.9345633790569771,0.9665290599959272
Recommendation_manhattan,ZOO,0,0.9643751739493459,0.9671818501582835,0.9646058229259046,0.932196297202597,0.9643751739493459,0.9482183390380111,0.9636828531708831
Recommendation_manhattan,CaFA,0,0.7470449172576832,0.7335871365476629,0.7527313034731847,0.7407306434023991,0.7470449172576832,0.7361382357913637,0.7489472454204134
Recommendation_manhattan,SINIFGSM,0,0.7651858567543064,0.7310642511193644,0.7602794820878442,0.7188314378248097,0.7651858567543064,0.7240190390993235,0.7619968779218782
Recommendation_manhattan,VNIFGSM,0,0.7377118644067797,0.6874374095916324,0.7353616358280227,0.6839038107739507,0.7377118644067797,0.6855757295560407,0.7364640692958879
model,attack_model,epsilon,Accuracy,Macro Precision,Weighted Precision,Macro Recall,Weighted Recall,Macro F1,Weighted F1
,,,,,,,,,
XGB100_Cluster,baseline,0,0.6460674157303371,0.6729671913150603,0.6662207161150496,0.5779237302568438,0.6460674157303371,0.5455488289003573,0.585859183687124
XGB100_Cluster,BIM,0,0.7125423728813559,0.7074591162629525,0.7135048830102844,0.7086094948352023,0.7125423728813559,0.7079480713551882,0.7129397178782136
XGB100_Cluster,FGSM,0,0.7303532804614276,0.7296037695437996,0.7299864312359218,0.7246093504469056,0.7303532804614276,0.7257861595324486,0.7288734312218701
XGB100_Cluster,PGD,0,0.7125423728813559,0.7074591162629525,0.7135048830102844,0.7086094948352023,0.7125423728813559,0.7079480713551882,0.7129397178782136
XGB100_Cluster,DF,0,0.9464882943143813,0.7328941993464052,0.9682836101274399,0.9146112356826859,0.9464882943143813,0.7928533541172778,0.9539463011200661
XGB100_Cluster,AutoPGD,0,0.9127686472819216,0.8215539684590091,0.9182299083069876,0.8557060169455107,0.9127686472819216,0.837155388471178,0.9149664352621968
XGB100_Cluster,ZOO,0,0.7802257581939345,0.8064787313719006,0.7943271482476776,0.7154095497220403,0.7802257581939345,0.729623894212067,0.7616457590959083
XGB100_Cluster,CaFA,0,0.19846153846153847,0.5003260059612519,0.9672493694829759,0.5029876227059326,0.19846153846153847,0.17438484173982577,0.31060254931852455
XGB100_Cluster,SINIFGSM,0,0.7378497790868925,0.7405313883823912,0.757609005474778,0.7482258064516129,0.7378497790868925,0.736362446557892,0.7398912158914029
XGB100_Cluster,VNIFGSM,0,0.6829599456890699,0.6759809524532829,0.6817921460241175,0.6743817637231144,0.6829599456890699,0.6750370483397572,0.6822365507136979
XGB50_Cluster,baseline,0,0.6674228675136116,0.7138314393939393,0.7270077424654897,0.6879156316185864,0.6674228675136116,0.6617672213183552,0.6572823931073799
XGB50_Cluster,BIM,0,0.728287841191067,0.738601091347176,0.7431184653824965,0.7342365114628796,0.728287841191067,0.7278034789045151,0.7270484435754786
XGB50_Cluster,FGSM,0,0.7604166666666666,0.7810124014632747,0.7973045498844721,0.7777485879416788,0.7604166666666666,0.7603370260571072,0.7597340328704426
XGB50_Cluster,PGD,0,0.728287841191067,0.738601091347176,0.7431184653824965,0.7342365114628796,0.728287841191067,0.7278034789045151,0.7270484435754786
XGB50_Cluster,DF,0,0.9392191659272404,0.7432497565725413,0.9521146718286824,0.8399050971988367,0.9392191659272404,0.7815043044921393,0.9442429813567659
XGB50_Cluster,AutoPGD,0,0.6914768725052829,0.7152736415631313,0.710724812090778,0.6737375350635342,0.6914768725052829,0.6680692435076798,0.6755820368994834
XGB50_Cluster,ZOO,0,0.7236058059587471,0.7566614420062696,0.761351876173667,0.7312341520467835,0.7236058059587471,0.7183748404339241,0.7166448686516116
XGB50_Cluster,CaFA,0,0.6796875,0.5287356321839081,0.9815912356321839,0.8366533864541832,0.6796875,0.45672877846790894,0.7911668607660456
XGB50_Cluster,SINIFGSM,0,0.6180758017492711,0.6795344151901529,0.6997380513327877,0.6503536236796894,0.6180758017492711,0.6102291511047927,0.6025437330078034
XGB50_Cluster,VNIFGSM,0,0.7454100367197063,0.7593467392103521,0.7698280609181933,0.7568445771289183,0.7454100367197063,0.7453241895261846,0.7448033832188197
XGB20_Cluster,baseline,0,0.9519670631290027,0.8295017278058893,0.9662396269055616,0.9603064674420432,0.9519670631290027,0.8800596481820746,0.9559265166756491
XGB20_Cluster,BIM,0,0.9285224153705398,0.898480170432289,0.941637873048806,0.9478746146915531,0.9285224153705398,0.916941894479548,0.930597332589906
XGB20_Cluster,FGSM,0,0.9263109263109263,0.8978781089653354,0.9373281133598885,0.9412807285861631,0.9263109263109263,0.9146182195356612,0.9282086190459881
XGB20_Cluster,PGD,0,0.9285224153705398,0.898480170432289,0.941637873048806,0.9478746146915531,0.9285224153705398,0.916941894479548,0.930597332589906
XGB20_Cluster,DF,0,0.877019280875456,0.7488033032897294,0.8759067778161438,0.744242672997138,0.877019280875456,0.7464868520044423,0.8764505121222054
XGB20_Cluster,AutoPGD,0,0.6769450949778819,0.7290249575503266,0.8395934740739497,0.7686480618635747,0.6769450949778819,0.6727814338884035,0.6885236265658087
XGB20_Cluster,ZOO,0,0.952608431907795,0.8282399114673635,0.9662839777093576,0.9570721496277592,0.952608431907795,0.8783337482183271,0.9564792326629477
XGB20_Cluster,CaFA,0,0.9959816598835711,0.8618385653255463,0.9957718536775996,0.8203369798087397,0.9959816598835711,0.8398053614477908,0.9958594307029107
XGB20_Cluster,SINIFGSM,0,0.9017616580310881,0.7842180525120463,0.9424344925077108,0.9384569662929032,0.9017616580310881,0.8317860860052246,0.9120826051904298
XGB20_Cluster,VNIFGSM,0,0.9228050171037628,0.8868791216968817,0.9382195025297181,0.9438462466326243,0.9228050171037628,0.9079106873772348,0.92543591231772
XGB1_Cluster,baseline,0,0.9247048340387615,0.9263386939523892,0.9274808096201679,0.9258791125952137,0.9247048340387615,0.9247012430670525,0.924684562424276
XGB1_Cluster,BIM,0,0.9196089082020641,0.9215820768684664,0.9211621576785913,0.9190615604980246,0.9196089082020641,0.9194234053588135,0.9194885063566335
XGB1_Cluster,FGSM,0,0.9174852652259332,0.9196535513571193,0.9213290451857633,0.9191979860888708,0.9174852652259332,0.917482398715415,0.9174629064438914
XGB1_Cluster,PGD,0,0.9196089082020641,0.9215820768684664,0.9211621576785913,0.9190615604980246,0.9196089082020641,0.9194234053588135,0.9194885063566335
XGB1_Cluster,DF,0,0.5983009708737864,0.5626652914418704,0.5904401592343932,0.559795089206854,0.5983009708737864,0.5603824555295513,0.5936003284757407
XGB1_Cluster,AutoPGD,0,0.7738325504282951,0.7858141403939587,0.7828096567625283,0.7657167950951762,0.7738325504282951,0.7670278945642786,0.7697563580311761
XGB1_Cluster,ZOO,0,0.922524122895555,0.9215917711295756,0.9258657525522839,0.9258421651379736,0.922524122895555,0.9222218946812237,0.9227181048647273
XGB1_Cluster,CaFA,0,0.9514796054385497,0.8673232999296161,0.9461675768032692,0.7286265697673652,0.9514796054385497,0.7788816174100903,0.9458548067942909
XGB1_Cluster,SINIFGSM,0,0.9114398833090227,0.9120165836130181,0.9123575524058912,0.9117981188194497,0.9114398833090227,0.9114368684464009,0.911428146879531
XGB1_Cluster,VNIFGSM,0,0.9089259796806967,0.911240174218968,0.9097421465044621,0.9048562751516488,0.9089259796806967,0.9072635441977377,0.9085700653090063
RF100_Cluster,baseline,0,0.854462242562929,0.8819921481223123,0.8634608477898644,0.7074555324555325,0.854462242562929,0.7472698465352585,0.833520931181557
RF100_Cluster,BIM,0,0.7859195402298851,0.5060443536372536,0.8841868279668536,0.5148494143892917,0.7859195402298851,0.49307588903825,0.8296523350203183
RF100_Cluster,FGSM,0,0.7997054491899853,0.5167309437386569,0.9388513052984397,0.5750636132315522,0.7997054491899853,0.49624683599546127,0.8595910199152803
RF100_Cluster,PGD,0,0.7859195402298851,0.5060443536372536,0.8841868279668536,0.5148494143892917,0.7859195402298851,0.49307588903825,0.8296523350203183
RF100_Cluster,DF,0,0.955846279640229,0.7797395110957004,0.9679676894712191,0.9108829895594601,0.955846279640229,0.830237131289763,0.9600252912298358
RF100_Cluster,AutoPGD,0,0.9952698344442056,0.9847879477703406,0.9952388763737929,0.9757473377767563,0.9952698344442056,0.9802182752343525,0.9952475743122708
RF100_Cluster,ZOO,0,0.9842247596153846,0.9878239255302489,0.9843785405882233,0.9628915812668637,0.9842247596153846,0.9747518163298683,0.9840179673778544
RF100_Cluster,CaFA,0,0.8203592814371258,0.8170258620689655,0.8317881478422466,0.8277629233511586,0.8203592814371258,0.8180034873583261,0.8218471513816309
RF100_Cluster,SINIFGSM,0,0.8427947598253275,0.7153590944574552,0.9190179615406905,0.8805172413793103,0.8427947598253275,0.7510869565217391,0.8639073476362256
RF100_Cluster,VNIFGSM,0,0.808095952023988,0.552244406683659,0.937608893089564,0.6930664573521716,0.808095952023988,0.550330763072515,0.8601594159310183
RF50_Cluster,baseline,0,0.8043478260869565,0.8259898003948234,0.8161764355264789,0.7668829055320486,0.8043478260869565,0.7788896932102822,0.7947744335010205
RF50_Cluster,BIM,0,0.6589492430988424,0.6980082267455339,0.7546522073587013,0.7081531616218587,0.6589492430988424,0.6582164213203012,0.6629374847012878
RF50_Cluster,FGSM,0,0.6663594470046083,0.7062141341967176,0.7547040036137841,0.7114384121777243,0.6663594470046083,0.6661677499194678,0.6683206556448911
RF50_Cluster,PGD,0,0.6589492430988424,0.6980082267455339,0.7546522073587013,0.7081531616218587,0.6589492430988424,0.6582164213203012,0.6629374847012878
RF50_Cluster,DF,0,0.933941764450239,0.7292466022434473,0.9520388030496534,0.8488031914893617,0.933941764450239,0.7732758039506507,0.940743317759979
RF50_Cluster,AutoPGD,0,0.9024081115335868,0.9142597440914082,0.9067820020645968,0.8828448552467958,0.9024081115335868,0.8939471132969379,0.9004935394967041
RF50_Cluster,ZOO,0,0.8446118660029598,0.8565807495451281,0.850856062305195,0.8278824602774316,0.8446118660029598,0.8354489977023161,0.8413782197782742
RF50_Cluster,CaFA,0,0.9192825112107623,0.5714285714285714,0.988468930172966,0.9590909090909091,0.9192825112107623,0.6036729857819905,0.9478301064756763
RF50_Cluster,SINIFGSM,0,0.6509628610729024,0.6222425769025265,0.8234988965740405,0.7079203502123913,0.6509628610729024,0.5959527099772968,0.6922332912984033
RF50_Cluster,VNIFGSM,0,0.7439490445859872,0.725670689844818,0.8191664468302235,0.781668579687748,0.7439490445859872,0.7237022687723675,0.7575739337217406
RF20_Cluster,baseline,0,0.967931976920741,0.8084979448878782,0.9785816136272569,0.9647546211936902,0.967931976920741,0.8680039061704657,0.9711615383305816
RF20_Cluster,BIM,0,0.9624068767908309,0.7641450400194034,0.9783214442428281,0.9601244958293047,0.9624068767908309,0.8312800746892652,0.967466607265329
RF20_Cluster,FGSM,0,0.9677704584641231,0.8185931813987244,0.9781560172464066,0.9689480494770597,0.9677704584641231,0.8766031366961771,0.9708371917444563
model,attack_model,epsilon,Accuracy,Macro Precision,Weighted Precision,Macro Recall,Weighted Recall,Macro F1,Weighted F1
,,,,,,,,,
XGB100_Cluster,baseline,0,0.6460674157303371,0.6729671913150603,0.6662207161150496,0.5779237302568438,0.6460674157303371,0.5455488289003573,0.585859183687124
XGB100_Cluster,BIM,0,0.7125423728813559,0.7074591162629525,0.7135048830102844,0.7086094948352023,0.7125423728813559,0.7079480713551882,0.7129397178782136
XGB100_Cluster,FGSM,0,0.7303532804614276,0.7296037695437996,0.7299864312359218,0.7246093504469056,0.7303532804614276,0.7257861595324486,0.7288734312218701
XGB100_Cluster,PGD,0,0.7125423728813559,0.7074591162629525,0.7135048830102844,0.7086094948352023,0.7125423728813559,0.7079480713551882,0.7129397178782136
XGB100_Cluster,DF,0,0.9464882943143813,0.7328941993464052,0.9682836101274399,0.9146112356826859,0.9464882943143813,0.7928533541172778,0.9539463011200661
XGB100_Cluster,AutoPGD,0,0.9127686472819216,0.8215539684590091,0.9182299083069876,0.8557060169455107,0.9127686472819216,0.837155388471178,0.9149664352621968
XGB100_Cluster,ZOO,0,0.7802257581939345,0.8064787313719006,0.7943271482476776,0.7154095497220403,0.7802257581939345,0.729623894212067,0.7616457590959083
XGB100_Cluster,CaFA,0,0.19846153846153847,0.5003260059612519,0.9672493694829759,0.5029876227059326,0.19846153846153847,0.17438484173982577,0.31060254931852455
XGB100_Cluster,SINIFGSM,0,0.7378497790868925,0.7405313883823912,0.757609005474778,0.7482258064516129,0.7378497790868925,0.736362446557892,0.7398912158914029
XGB100_Cluster,VNIFGSM,0,0.6829599456890699,0.6759809524532829,0.6817921460241175,0.6743817637231144,0.6829599456890699,0.6750370483397572,0.6822365507136979
XGB50_Cluster,baseline,0,0.6674228675136116,0.7138314393939393,0.7270077424654897,0.6879156316185864,0.6674228675136116,0.6617672213183552,0.6572823931073799
XGB50_Cluster,BIM,0,0.728287841191067,0.738601091347176,0.7431184653824965,0.7342365114628796,0.728287841191067,0.7278034789045151,0.7270484435754786
XGB50_Cluster,FGSM,0,0.7604166666666666,0.7810124014632747,0.7973045498844721,0.7777485879416788,0.7604166666666666,0.7603370260571072,0.7597340328704426
XGB50_Cluster,PGD,0,0.728287841191067,0.738601091347176,0.7431184653824965,0.7342365114628796,0.728287841191067,0.7278034789045151,0.7270484435754786
XGB50_Cluster,DF,0,0.9392191659272404,0.7432497565725413,0.9521146718286824,0.8399050971988367,0.9392191659272404,0.7815043044921393,0.9442429813567659
XGB50_Cluster,AutoPGD,0,0.6914768725052829,0.7152736415631313,0.710724812090778,0.6737375350635342,0.6914768725052829,0.6680692435076798,0.6755820368994834
XGB50_Cluster,ZOO,0,0.7236058059587471,0.7566614420062696,0.761351876173667,0.7312341520467835,0.7236058059587471,0.7183748404339241,0.7166448686516116
XGB50_Cluster,CaFA,0,0.6796875,0.5287356321839081,0.9815912356321839,0.8366533864541832,0.6796875,0.45672877846790894,0.7911668607660456
XGB50_Cluster,SINIFGSM,0,0.6180758017492711,0.6795344151901529,0.6997380513327877,0.6503536236796894,0.6180758017492711,0.6102291511047927,0.6025437330078034
XGB50_Cluster,VNIFGSM,0,0.7454100367197063,0.7593467392103521,0.7698280609181933,0.7568445771289183,0.7454100367197063,0.7453241895261846,0.7448033832188197
XGB20_Cluster,baseline,0,0.9519670631290027,0.8295017278058893,0.9662396269055616,0.9603064674420432,0.9519670631290027,0.8800596481820746,0.9559265166756491
XGB20_Cluster,BIM,0,0.9285224153705398,0.898480170432289,0.941637873048806,0.9478746146915531,0.9285224153705398,0.916941894479548,0.930597332589906
XGB20_Cluster,FGSM,0,0.9263109263109263,0.8978781089653354,0.9373281133598885,0.9412807285861631,0.9263109263109263,0.9146182195356612,0.9282086190459881
XGB20_Cluster,PGD,0,0.9285224153705398,0.898480170432289,0.941637873048806,0.9478746146915531,0.9285224153705398,0.916941894479548,0.930597332589906
XGB20_Cluster,DF,0,0.877019280875456,0.7488033032897294,0.8759067778161438,0.744242672997138,0.877019280875456,0.7464868520044423,0.8764505121222054
XGB20_Cluster,AutoPGD,0,0.6769450949778819,0.7290249575503266,0.8395934740739497,0.7686480618635747,0.6769450949778819,0.6727814338884035,0.6885236265658087
XGB20_Cluster,ZOO,0,0.952608431907795,0.8282399114673635,0.9662839777093576,0.9570721496277592,0.952608431907795,0.8783337482183271,0.9564792326629477
XGB20_Cluster,CaFA,0,0.9959816598835711,0.8618385653255463,0.9957718536775996,0.8203369798087397,0.9959816598835711,0.8398053614477908,0.9958594307029107
XGB20_Cluster,SINIFGSM,0,0.9017616580310881,0.7842180525120463,0.9424344925077108,0.9384569662929032,0.9017616580310881,0.8317860860052246,0.9120826051904298
XGB20_Cluster,VNIFGSM,0,0.9228050171037628,0.8868791216968817,0.9382195025297181,0.9438462466326243,0.9228050171037628,0.9079106873772348,0.92543591231772
XGB1_Cluster,baseline,0,0.9247048340387615,0.9263386939523892,0.9274808096201679,0.9258791125952137,0.9247048340387615,0.9247012430670525,0.924684562424276
XGB1_Cluster,BIM,0,0.9196089082020641,0.9215820768684664,0.9211621576785913,0.9190615604980246,0.9196089082020641,0.9194234053588135,0.9194885063566335
XGB1_Cluster,FGSM,0,0.9174852652259332,0.9196535513571193,0.9213290451857633,0.9191979860888708,0.9174852652259332,0.917482398715415,0.9174629064438914
XGB1_Cluster,PGD,0,0.9196089082020641,0.9215820768684664,0.9211621576785913,0.9190615604980246,0.9196089082020641,0.9194234053588135,0.9194885063566335
XGB1_Cluster,DF,0,0.5983009708737864,0.5626652914418704,0.5904401592343932,0.559795089206854,0.5983009708737864,0.5603824555295513,0.5936003284757407
XGB1_Cluster,AutoPGD,0,0.7738325504282951,0.7858141403939587,0.7828096567625283,0.7657167950951762,0.7738325504282951,0.7670278945642786,0.7697563580311761
XGB1_Cluster,ZOO,0,0.922524122895555,0.9215917711295756,0.9258657525522839,0.9258421651379736,0.922524122895555,0.9222218946812237,0.9227181048647273
XGB1_Cluster,CaFA,0,0.9514796054385497,0.8673232999296161,0.9461675768032692,0.7286265697673652,0.9514796054385497,0.7788816174100903,0.9458548067942909
XGB1_Cluster,SINIFGSM,0,0.9114398833090227,0.9120165836130181,0.9123575524058912,0.9117981188194497,0.9114398833090227,0.9114368684464009,0.911428146879531
XGB1_Cluster,VNIFGSM,0,0.9089259796806967,0.911240174218968,0.9097421465044621,0.9048562751516488,0.9089259796806967,0.9072635441977377,0.9085700653090063
RF100_Cluster,baseline,0,0.854462242562929,0.8819921481223123,0.8634608477898644,0.7074555324555325,0.854462242562929,0.7472698465352585,0.833520931181557
RF100_Cluster,BIM,0,0.7859195402298851,0.5060443536372536,0.8841868279668536,0.5148494143892917,0.7859195402298851,0.49307588903825,0.8296523350203183
RF100_Cluster,FGSM,0,0.7997054491899853,0.5167309437386569,0.9388513052984397,0.5750636132315522,0.7997054491899853,0.49624683599546127,0.8595910199152803
RF100_Cluster,PGD,0,0.7859195402298851,0.5060443536372536,0.8841868279668536,0.5148494143892917,0.7859195402298851,0.49307588903825,0.8296523350203183
RF100_Cluster,DF,0,0.955846279640229,0.7797395110957004,0.9679676894712191,0.9108829895594601,0.955846279640229,0.830237131289763,0.9600252912298358
RF100_Cluster,AutoPGD,0,0.9952698344442056,0.9847879477703406,0.9952388763737929,0.9757473377767563,0.9952698344442056,0.9802182752343525,0.9952475743122708
RF100_Cluster,ZOO,0,0.9842247596153846,0.9878239255302489,0.9843785405882233,0.9628915812668637,0.9842247596153846,0.9747518163298683,0.9840179673778544
RF100_Cluster,CaFA,0,0.8203592814371258,0.8170258620689655,0.8317881478422466,0.8277629233511586,0.8203592814371258,0.8180034873583261,0.8218471513816309
RF100_Cluster,SINIFGSM,0,0.8427947598253275,0.7153590944574552,0.9190179615406905,0.8805172413793103,0.8427947598253275,0.7510869565217391,0.8639073476362256
RF100_Cluster,VNIFGSM,0,0.808095952023988,0.552244406683659,0.937608893089564,0.6930664573521716,0.808095952023988,0.550330763072515,0.8601594159310183
RF50_Cluster,baseline,0,0.8043478260869565,0.8259898003948234,0.8161764355264789,0.7668829055320486,0.8043478260869565,0.7788896932102822,0.7947744335010205
RF50_Cluster,BIM,0,0.6589492430988424,0.6980082267455339,0.7546522073587013,0.7081531616218587,0.6589492430988424,0.6582164213203012,0.6629374847012878
RF50_Cluster,FGSM,0,0.6663594470046083,0.7062141341967176,0.7547040036137841,0.7114384121777243,0.6663594470046083,0.6661677499194678,0.6683206556448911
RF50_Cluster,PGD,0,0.6589492430988424,0.6980082267455339,0.7546522073587013,0.7081531616218587,0.6589492430988424,0.6582164213203012,0.6629374847012878
RF50_Cluster,DF,0,0.933941764450239,0.7292466022434473,0.9520388030496534,0.8488031914893617,0.933941764450239,0.7732758039506507,0.940743317759979
RF50_Cluster,AutoPGD,0,0.9024081115335868,0.9142597440914082,0.9067820020645968,0.8828448552467958,0.9024081115335868,0.8939471132969379,0.9004935394967041
RF50_Cluster,ZOO,0,0.8446118660029598,0.8565807495451281,0.850856062305195,0.8278824602774316,0.8446118660029598,0.8354489977023161,0.8413782197782742
RF50_Cluster,CaFA,0,0.9192825112107623,0.5714285714285714,0.988468930172966,0.9590909090909091,0.9192825112107623,0.6036729857819905,0.9478301064756763
RF50_Cluster,SINIFGSM,0,0.6509628610729024,0.6222425769025265,0.8234988965740405,0.7079203502123913,0.6509628610729024,0.5959527099772968,0.6922332912984033
RF50_Cluster,VNIFGSM,0,0.7439490445859872,0.725670689844818,0.8191664468302235,0.781668579687748,0.7439490445859872,0.7237022687723675,0.7575739337217406
RF20_Cluster,baseline,0,0.967931976920741,0.8084979448878782,0.9785816136272569,0.9647546211936902,0.967931976920741,0.8680039061704657,0.9711615383305816
RF20_Cluster,BIM,0,0.9624068767908309,0.7641450400194034,0.9783214442428281,0.9601244958293047,0.9624068767908309,0.8312800746892652,0.967466607265329
RF20_Cluster,FGSM,0,0.9677704584641231,0.8185931813987244,0.9781560172464066,0.9689480494770597,0.9677704584641231,0.8766031366961771,0.9708371917444563
RF20_Cluster,PGD,0,0.9624068767908309,0.7641450400194034,0.9783214442428281,0.9601244958293047,0.9624068767908309,0.8312800746892652,0.967466607265329
RF20_Cluster,DF,0,0.8883324987481221,0.823654944099663,0.8871859184078595,0.8166541968819143,0.8883324987481221,0.8200762067448343,0.8877220766245155
RF20_Cluster,AutoPGD,0,0.9246944300128517,0.7557399748250073,0.959352433043745,0.9484041622609797,0.9246944300128517,0.8153378021265163,0.934867320316175
RF20_Cluster,ZOO,0,0.9652532509231017,0.7971248844377296,0.9768249524928168,0.9544245774100681,0.9652532509231017,0.8563319160501418,0.9688768913635104
RF20_Cluster,CaFA,0,0.9992308380287989,0.860079864909904,0.9993458202408643,0.947072775111044,0.9992308380287989,0.8988683753551354,0.9992722862914127
RF20_Cluster,SINIFGSM,0,0.9484456684092606,0.7863740582579095,0.9648576165346121,0.9322500615218798,0.9484456684092606,0.8403954913508728,0.9536527950812845
RF20_Cluster,VNIFGSM,0,0.9624897406889821,0.8133375197486663,0.9748546492474446,0.9650115749317874,0.9624897406889821,0.8710187167509658,0.966130366470521
RF1_Cluster,baseline,0,0.8940217391304348,0.793816821097648,0.9075181482227525,0.8523937177250565,0.8940217391304348,0.8181108328923082,0.898811335826885
RF1_Cluster,BIM,0,0.8429475251209527,0.6013768195093301,0.9565250720631261,0.8562798132229117,0.8429475251209527,0.6247266320003388,0.884482980619752
RF1_Cluster,FGSM,0,0.8782639378969654,0.6158129175946547,0.9718027829427269,0.9368131868131868,0.8782639378969654,0.6543407592815514,0.9121321959514667
RF1_Cluster,PGD,0,0.8429475251209527,0.6013768195093301,0.9565250720631261,0.8562798132229117,0.8429475251209527,0.6247266320003388,0.884482980619752
RF1_Cluster,DF,0,0.7619235317303902,0.6383525181881908,0.861847491650677,0.7456897345808167,0.7619235317303902,0.6508350711660736,0.7939070717391242
RF1_Cluster,AutoPGD,0,0.43825880959431446,0.44957269439026776,0.5274934496772691,0.44029861006949655,0.43825880959431446,0.42154675184856805,0.46064830856030575
RF1_Cluster,ZOO,0,0.8932581538910223,0.7831322271523902,0.9108291035102695,0.8554438916220966,0.8932581538910223,0.8117979086740268,0.8992766426399691
RF1_Cluster,CaFA,0,0.997854348100467,0.7101467611336032,0.9982192277288333,0.7850188754222134,0.997854348100467,0.7418867100142,0.9980165582640198
RF1_Cluster,SINIFGSM,0,0.8061002178649237,0.6480088495575221,0.9143819769795825,0.8231884057971015,0.8061002178649237,0.6712060847519015,0.840511986516205
RF1_Cluster,VNIFGSM,0,0.8752922837100545,0.5870074135063696,0.9668514741003943,0.8459157826369345,0.8752922837100545,0.6138863159865845,0.9111148886964726
DT100_Cluster,baseline,0,0.845309381237525,0.9134632616487455,0.869774876769758,0.657863675759511,0.845309381237525,0.6945049843820075,0.8123209194253805
DT100_Cluster,BIM,0,0.6832236842105263,0.6788678647743804,0.6879424885996844,0.6819517429832616,0.6832236842105263,0.6793765567654042,0.6845753776371909
DT100_Cluster,FGSM,0,0.8164711091432366,0.7789001681439904,0.822556044973623,0.7934973300485926,0.8164711091432366,0.7852625343323391,0.8188090337370845
DT100_Cluster,PGD,0,0.6832236842105263,0.6788678647743804,0.6879424885996844,0.6819517429832616,0.6832236842105263,0.6793765567654042,0.6845753776371909
DT100_Cluster,DF,0,0.7650310988251555,0.5834096571648807,0.9232701393135985,0.7586526861016847,0.7650310988251555,0.5809826526579726,0.8208789589238522
DT100_Cluster,AutoPGD,0,0.9367984007381208,0.9124326931072166,0.93762067549421,0.9212296982296982,0.9367984007381208,0.9167045242376184,0.9371318307489308
DT100_Cluster,ZOO,0,0.9590422180214241,0.9686125712911426,0.9600543800291752,0.9036929015390687,0.9590422180214241,0.9318010525202307,0.9575212755806796
DT100_Cluster,CaFA,0,0.6403269754768393,0.6197895924598433,0.6327333212520677,0.6118669807227421,0.6403269754768393,0.6133141762452108,0.6342003612181194
DT100_Cluster,SINIFGSM,0,0.5832177531206657,0.586439912506867,0.6038658765342818,0.5893579289436918,0.5832177531206657,0.5808666634424724,0.586635540893595
DT100_Cluster,VNIFGSM,0,0.6467430207587688,0.6466939057433665,0.6561239887006071,0.6495180820422563,0.6467430207587688,0.6450493468621621,0.6484191436305402
DT50_Cluster,baseline,0,0.7762681159420289,0.7824653607262303,0.7793299957761205,0.7358074361820199,0.7762681159420289,0.7460189725749892,0.7663438563071734
DT50_Cluster,BIM,0,0.7575843896880786,0.7659631347737128,0.7620050680795684,0.7039070183411058,0.7575843896880786,0.7139434094170746,0.7419464159626721
DT50_Cluster,FGSM,0,0.7314777572198536,0.6036210967297513,0.8195045306376277,0.6688232217786495,0.7314777572198536,0.6097355424495153,0.7626541446405164
DT50_Cluster,PGD,0,0.7575843896880786,0.7659631347737128,0.7620050680795684,0.7039070183411058,0.7575843896880786,0.7139434094170746,0.7419464159626721
DT50_Cluster,DF,0,0.8273460410557185,0.6461563256355108,0.8933786107359707,0.7609746408958322,0.8273460410557185,0.6727533065621356,0.8511739345323295
DT50_Cluster,AutoPGD,0,0.8273088698990083,0.8141672551758518,0.8232452164063933,0.7276577729915228,0.8273088698990083,0.7530122789063547,0.8137210497666242
DT50_Cluster,ZOO,0,0.8370628433605789,0.8394287118590436,0.8379284763340592,0.8170126047463981,0.8370628433605789,0.8246852257395476,0.8342914554514825
DT50_Cluster,CaFA,0,0.6896813353566009,0.680466396399747,0.6861733756400713,0.6723082386363637,0.6896813353566009,0.6744596137807921,0.6861028955475511
DT50_Cluster,SINIFGSM,0,0.910187383913667,0.8392332599623132,0.9059460415105973,0.7982729467187781,0.910187383913667,0.8166289827530094,0.907304968473544
DT50_Cluster,VNIFGSM,0,0.6805201117997327,0.6296625453878746,0.6895441268695257,0.636219678003014,0.6805201117997327,0.6322249767047077,0.6844556308567719
DT20_Cluster,baseline,0,0.9643498784654948,0.7538018432097255,0.9794595437886406,0.9512981421320108,0.9643498784654948,0.8209086214690483,0.9693185187393336
DT20_Cluster,BIM,0,0.7566132410970916,0.581567885940102,0.9164629587352793,0.7436781400558142,0.7566132410970916,0.5771373978128044,0.8128730732250908
DT20_Cluster,FGSM,0,0.7448211653347816,0.614971078273621,0.9060472505435214,0.7850189064096738,0.7448211653347816,0.6138686995374696,0.7949794839022307
DT20_Cluster,PGD,0,0.7566132410970916,0.581567885940102,0.9164629587352793,0.7436781400558142,0.7566132410970916,0.5771373978128044,0.8128730732250908
DT20_Cluster,DF,0,0.7023622047244095,0.5653803607507565,0.7848512713508793,0.6019196784859195,0.7023622047244095,0.5653720900545118,0.7340639844166017
DT20_Cluster,AutoPGD,0,0.8493985030756643,0.5944426477847723,0.9538241372742314,0.8234460118809834,0.8493985030756643,0.6174401218750649,0.8888270048106613
DT20_Cluster,ZOO,0,0.9674760525729561,0.7581086961187227,0.9815917817399966,0.9614062868044233,0.9674760525729561,0.8272257042061765,0.9720497707459947
DT20_Cluster,CaFA,0,0.9978971962616823,0.782780926416923,0.9982007231768821,0.8608357482845088,0.9978971962616823,0.8170403473847978,0.9980246999151282
DT20_Cluster,SINIFGSM,0,0.686825839292207,0.5710649484419392,0.864413057121718,0.6696069348923473,0.686825839292207,0.5511806079125828,0.7457071136719425
DT20_Cluster,VNIFGSM,0,0.723259505631567,0.6019152708597666,0.8735255770561341,0.7230815824920722,0.723259505631567,0.597331519993463,0.7714144490446782
DT1_Cluster,baseline,0,0.9376424522237158,0.7655868104642654,0.9560904597862792,0.8995066561631766,0.9376424522237158,0.8148895520747675,0.9438884552526812
DT1_Cluster,BIM,0,0.9577555238917096,0.6411169800462958,0.9832544120578958,0.8952537428999741,0.9577555238917096,0.7015463588149267,0.9676724745500057
DT1_Cluster,FGSM,0,0.9414520426287745,0.6335790609481446,0.9538447803230539,0.6968391105090583,0.9414520426287745,0.6579108234409202,0.947046112774439
DT1_Cluster,PGD,0,0.9577555238917096,0.6411169800462958,0.9832544120578958,0.8952537428999741,0.9577555238917096,0.7015463588149267,0.9676724745500057
DT1_Cluster,DF,0,0.2643131701395913,0.25067543087011224,0.2455235251068976,0.30050912440244804,0.2643131701395913,0.24788676806821447,0.2279412257857897
DT1_Cluster,AutoPGD,0,0.8682108943541659,0.7593399659734517,0.9073660045377818,0.8686409286730314,0.8682108943541659,0.7939474733571297,0.8795297996192998
DT1_Cluster,ZOO,0,0.9337211799386994,0.7472933596967938,0.9561130717673855,0.8961613250824341,0.9337211799386994,0.7992684687344103,0.9413383067244011
DT1_Cluster,CaFA,0,0.9776895549094162,0.9483567609719992,0.9768808627121834,0.8776931581208673,0.9776895549094162,0.9094588222420565,0.9767358628650479
DT1_Cluster,SINIFGSM,0,0.9525596184419713,0.6966231996525576,0.9744799892091871,0.898419970146552,0.9525596184419713,0.7580256476188018,0.9605482115911338
DT1_Cluster,VNIFGSM,0,0.9286402030723445,0.5791377037873455,0.9681670586180803,0.7280658476403339,0.9286402030723445,0.6095942724961656,0.9457158137451419
model,attack_model,epsilon,Accuracy,Macro Precision,Weighted Precision,Macro Recall,Weighted Recall,Macro F1,Weighted F1
,,,,,,,,,
XGB100_ActiveLearning,baseline,0,0.6460674157303371,0.6729671913150603,0.6662207161150496,0.5779237302568438,0.6460674157303371,0.5455488289003573,0.585859183687124
XGB100_ActiveLearning,BIM,0,0.7125423728813559,0.7074591162629525,0.7135048830102844,0.7086094948352023,0.7125423728813559,0.7079480713551882,0.7129397178782136
XGB100_ActiveLearning,FGSM,0,0.7303532804614276,0.7296037695437996,0.7299864312359218,0.7246093504469056,0.7303532804614276,0.7257861595324486,0.7288734312218701
XGB100_ActiveLearning,PGD,0,0.7125423728813559,0.7074591162629525,0.7135048830102844,0.7086094948352023,0.7125423728813559,0.7079480713551882,0.7129397178782136
XGB100_ActiveLearning,DF,0,0.9464882943143813,0.7328941993464052,0.9682836101274399,0.9146112356826859,0.9464882943143813,0.7928533541172778,0.9539463011200661
XGB100_ActiveLearning,AutoPGD,0,0.9127686472819216,0.8215539684590091,0.9182299083069876,0.8557060169455107,0.9127686472819216,0.837155388471178,0.9149664352621968
XGB100_ActiveLearning,ZOO,0,0.7802257581939345,0.8064787313719006,0.7943271482476776,0.7154095497220403,0.7802257581939345,0.729623894212067,0.7616457590959083
XGB100_ActiveLearning,CaFA,0,0.19846153846153847,0.5003260059612519,0.9672493694829759,0.5029876227059326,0.19846153846153847,0.17438484173982577,0.31060254931852455
XGB100_ActiveLearning,SINIFGSM,0,0.7378497790868925,0.7405313883823912,0.757609005474778,0.7482258064516129,0.7378497790868925,0.736362446557892,0.7398912158914029
XGB100_ActiveLearning,VNIFGSM,0,0.6829599456890699,0.6759809524532829,0.6817921460241175,0.6743817637231144,0.6829599456890699,0.6750370483397572,0.6822365507136979
XGB50_ActiveLearning,baseline,0,0.6682874122096164,0.6718491169368463,0.6706603667311404,0.5529125770140376,0.6682874122096164,0.5130984124590433,0.5907671654442583
XGB50_ActiveLearning,BIM,0,0.7708812260536398,0.7680485163631752,0.77000094176736,0.7627500155400526,0.7708812260536398,0.7646707247715884,0.7697387281762814
XGB50_ActiveLearning,FGSM,0,0.7807486631016043,0.7753082029397819,0.7799936604669024,0.7727506950436199,0.7807486631016043,0.7738888484300603,0.7802371856918839
XGB50_ActiveLearning,PGD,0,0.7708812260536398,0.7680485163631752,0.77000094176736,0.7627500155400526,0.7708812260536398,0.7646707247715884,0.7697387281762814
XGB50_ActiveLearning,DF,0,0.9571984435797666,0.7514282993715482,0.9729541973476239,0.9215021150929843,0.9571984435797666,0.8111934816002138,0.9625821073695731
XGB50_ActiveLearning,AutoPGD,0,0.9389542156617463,0.8312331747612198,0.9417548927082338,0.8587223930668157,0.9389542156617463,0.8442143532598974,0.9401699983040543
XGB50_ActiveLearning,ZOO,0,0.8145247419010324,0.828510857030961,0.8202091790423116,0.7174744247289435,0.8145247419010324,0.7424470965465477,0.7961415470226005
XGB50_ActiveLearning,CaFA,0,0.1913265306122449,0.49613172494528424,0.8788068594363994,0.49139492753623193,0.1913265306122449,0.18482802957248473,0.24869901122041324
XGB50_ActiveLearning,SINIFGSM,0,0.8292134831460675,0.8171742051052395,0.8625530223360521,0.8532899510248504,0.8292134831460675,0.8214134842852314,0.8337425147426818
XGB50_ActiveLearning,VNIFGSM,0,0.740100791936645,0.7436332654687086,0.7423073226816016,0.7303008116475609,0.740100791936645,0.7321027012038653,0.736468325728841
XGB20_ActiveLearning,baseline,0,0.8086330935251799,0.8252991452991453,0.8151893254627067,0.6092623214367737,0.8086330935251799,0.625509968439689,0.7637943036379918
XGB20_ActiveLearning,BIM,0,0.8480620155038759,0.6295906924586487,0.9356695635921877,0.8214285714285714,0.8480620155038759,0.6612249710586117,0.8792665323214568
XGB20_ActiveLearning,FGSM,0,0.8321060382916053,0.6270139634801289,0.9407782026072967,0.8481598317560463,0.8321060382916053,0.654239922813036,0.8693593109380408
XGB20_ActiveLearning,PGD,0,0.8480620155038759,0.6295906924586487,0.9356695635921877,0.8214285714285714,0.8480620155038759,0.6612249710586117,0.8792665323214568
XGB20_ActiveLearning,DF,0,0.9461883408071748,0.5714285714285714,0.9923126201153106,0.9728506787330317,0.9461883408071748,0.6110465116279069,0.9656168526436542
XGB20_ActiveLearning,AutoPGD,0,0.9714784633294529,0.8241386763206062,0.9739724961824672,0.8751641651031895,0.9714784633294529,0.8475303510268545,0.9725186992622701
XGB20_ActiveLearning,ZOO,0,0.9376961004034066,0.909955714529041,0.9348471671796761,0.7745017905885752,0.9376961004034066,0.8244099842760618,0.9315639836264242
XGB20_ActiveLearning,CaFA,0,0.5576923076923077,0.4872340425531915,0.5006546644844517,0.4954545454545455,0.5576923076923077,0.4247234247234247,0.4672734672734673
XGB20_ActiveLearning,SINIFGSM,0,0.9622641509433962,0.972972972972973,0.9643039265680775,0.9444444444444444,0.9622641509433962,0.9566993464052287,0.9616783820446418
XGB20_ActiveLearning,VNIFGSM,0,0.8683385579937304,0.6613984674329502,0.9396972099112407,0.8588792596944771,0.8683385579937304,0.7030387658753906,0.8926473509523097
XGB1_ActiveLearning,baseline,0,0.9117647058823529,0.8125,0.9448529411764706,0.9482758620689655,0.9117647058823529,0.8573426573426574,0.9195392842451666
XGB1_ActiveLearning,BIM,0,1.0,1.0,1.0,1.0,1.0,1.0,1.0
XGB1_ActiveLearning,FGSM,0,1.0,1.0,1.0,1.0,1.0,1.0,1.0
XGB1_ActiveLearning,PGD,0,1.0,1.0,1.0,1.0,1.0,1.0,1.0
XGB1_ActiveLearning,DF,0,0.65,0.7941176470588236,0.7941176470588236,0.65,0.65,0.6011396011396011,0.6011396011396011
XGB1_ActiveLearning,AutoPGD,0,0.9090909090909091,0.7857142857142857,0.9480519480519481,0.9482758620689655,0.9090909090909091,0.8363636363636364,0.9190082644628098
XGB1_ActiveLearning,ZOO,0,0.9158878504672897,0.8333333333333333,0.9439252336448598,0.949438202247191,0.9158878504672897,0.8733727810650888,0.9220593927998673
XGB1_ActiveLearning,CaFA,0,0.0,0.0,0.0,0.0,0.0,0.0,0.0
XGB1_ActiveLearning,SINIFGSM,0,1.0,1.0,1.0,1.0,1.0,1.0,1.0
XGB1_ActiveLearning,VNIFGSM,0,0.17391304347826086,0.5128205128205128,0.9788182831661093,0.5777777777777777,0.17391304347826086,0.1596153846153846,0.2644648829431438
RF100_ActiveLearning,baseline,0,0.8559245960502693,0.8964370524871107,0.8702432326437487,0.7301866415015204,0.8559245960502693,0.7693506654338502,0.8373413274271112
RF100_ActiveLearning,BIM,0,0.7247311827956989,0.6579861111111112,0.7405689964157706,0.6736021965482812,0.7247311827956989,0.663768705407833,0.731196900094412
RF100_ActiveLearning,FGSM,0,0.7817319098457889,0.7020038467577328,0.8252659633414894,0.7608557911633015,0.7817319098457889,0.71790021969708,0.7954214992542402
RF100_ActiveLearning,PGD,0,0.7247311827956989,0.6579861111111112,0.7405689964157706,0.6736021965482812,0.7247311827956989,0.663768705407833,0.731196900094412
RF100_ActiveLearning,DF,0,0.9517828200972447,0.765328915451233,0.9662380295840306,0.9052441731409544,0.9517828200972447,0.8175072312476892,0.9567935766013143
RF100_ActiveLearning,AutoPGD,0,0.9952897808724145,0.986448367771164,0.9953036135917384,0.98891292888064,0.9952897808724145,0.987676559193587,0.9952957318012933
RF100_ActiveLearning,ZOO,0,0.985226769094401,0.9899372373625437,0.9854446210093852,0.966177401807288,0.985226769094401,0.9774745994412076,0.9850432626860905
RF100_ActiveLearning,CaFA,0,0.8255813953488372,0.8246112237998648,0.8391637970344514,0.834751080741877,0.8255813953488372,0.8240589198036007,0.8269135614509193
RF100_ActiveLearning,SINIFGSM,0,0.7384615384615385,0.7448756360869359,0.7421732497777583,0.7058200423711876,0.7384615384615385,0.7111111111111111,0.7273260073260074
RF100_ActiveLearning,VNIFGSM,0,0.743956043956044,0.6897494631352898,0.7478709636819874,0.6951689284704552,0.743956043956044,0.6922511978007783,0.7457580895325009
RF50_ActiveLearning,baseline,0,0.8722222222222222,0.9049292737622909,0.8814240603377225,0.68185647777151,0.8722222222222222,0.7283286304875648,0.8486671219637074
RF50_ActiveLearning,BIM,0,0.794682422451994,0.5758307139649753,0.9279990966246793,0.7385989010989011,0.794682422451994,0.5800341852878304,0.8447965769965199
RF50_ActiveLearning,FGSM,0,0.8063540090771558,0.6074638233054075,0.9340084549593095,0.8118461765139238,0.8063540090771558,0.6229590017825312,0.8509098459903836
RF50_ActiveLearning,PGD,0,0.794682422451994,0.5758307139649753,0.9279990966246793,0.7385989010989011,0.794682422451994,0.5800341852878304,0.8447965769965199
RF50_ActiveLearning,DF,0,0.9395061728395062,0.7785963187345469,0.9577913835332516,0.9154735207866138,0.9395061728395062,0.8291426136143505,0.9454396975290308
RF50_ActiveLearning,AutoPGD,0,0.9946977730646872,0.984023137837169,0.9946352019320522,0.9598283816744542,0.9946977730646872,0.9715790504750639,0.9946298167960522
RF50_ActiveLearning,ZOO,0,0.9840455840455841,0.9885802873957421,0.9842379577294311,0.9559195167634953,0.9840455840455841,0.9713212533207585,0.9837698357892148
RF50_ActiveLearning,CaFA,0,0.8264462809917356,0.8280895691609977,0.8271607541088062,0.8199281370923162,0.8264462809917356,0.8225186840818608,0.8253552818501037
RF50_ActiveLearning,SINIFGSM,0,0.9104803493449781,0.7775197072072072,0.92849437182816,0.867388772420219,0.9104803493449781,0.8126004211450755,0.916690254155244
RF50_ActiveLearning,VNIFGSM,0,0.7967599410898379,0.5746421136497982,0.9115495159942513,0.6994814204272272,0.7967599410898379,0.5814483276157805,0.8409717713719854
RF20_ActiveLearning,baseline,0,0.8713355048859935,0.93259385665529,0.8886810596880523,0.6308411214953271,0.8713355048859935,0.6712683406187523,0.8383390414682229
RF20_ActiveLearning,BIM,0,0.8752166377816292,0.6130995069475571,0.9685916971118327,0.9133087633087633,0.8752166377816292,0.6495951417004049,0.9093278790898055
RF20_ActiveLearning,FGSM,0,0.8614357262103506,0.6122614227877385,0.9626427697598948,0.8908578332662103,0.8614357262103506,0.6443120112751025,0.8980869515947194
RF20_ActiveLearning,PGD,0,0.8752166377816292,0.6130995069475571,0.9685916971118327,0.9133087633087633,0.8752166377816292,0.6495951417004049,0.9093278790898055
RF20_ActiveLearning,DF,0,0.9647887323943662,0.5833333333333334,0.994131455399061,0.9822695035460993,0.9647887323943662,0.6338318720990201,0.9770463938867864
RF20_ActiveLearning,AutoPGD,0,0.9933373712901272,0.959047140831758,0.993292341440543,0.9522698612862548,0.9933373712901272,0.9556309657307173,0.9933125970420592
RF20_ActiveLearning,ZOO,0,0.9891406987724268,0.9833444409367802,0.9890347456722054,0.9307462002278474,0.9891406987724268,0.9552785109361732,0.988828350865093
RF20_ActiveLearning,CaFA,0,0.7903225806451613,0.6875,0.7963709677419355,0.6978021978021978,0.7903225806451613,0.6922489499809088,0.7931246843784256
RF20_ActiveLearning,SINIFGSM,0,0.9453125,0.78125,0.96923828125,0.9705882352941176,0.9453125,0.8448484848484848,0.9521401515151515
RF20_ActiveLearning,VNIFGSM,0,0.8833034111310593,0.5989517819706499,0.9735510314691236,0.9113289760348584,0.8833034111310593,0.6329917181116889,0.9175852299576251
RF1_ActiveLearning,baseline,0,0.9333333333333333,0.8958333333333334,0.9333333333333333,0.8958333333333334,0.9333333333333333,0.8958333333333334,0.9333333333333333
RF1_ActiveLearning,BIM,0,1.0,1.0,1.0,1.0,1.0,1.0,1.0
RF1_ActiveLearning,FGSM,0,0.5,0.5,1.0,0.25,0.5,0.3333333333333333,0.6666666666666666
RF1_ActiveLearning,PGD,0,1.0,1.0,1.0,1.0,1.0,1.0,1.0
RF1_ActiveLearning,DF,0,0.75,0.5,1.0,0.375,0.75,0.42857142857142855,0.8571428571428571
RF1_ActiveLearning,AutoPGD,0,0.9615384615384616,0.8333333333333333,0.9743589743589743,0.9791666666666667,0.9615384615384616,0.8893617021276596,0.9649754500818329
RF1_ActiveLearning,ZOO,0,0.963855421686747,0.8928571428571428,0.9716006884681583,0.9791666666666667,0.963855421686747,0.9293617021276596,0.9656395795949756
0,0,0,0,0,0,0,0,0,0
0,0,0,0,0,0,0,0,0,0
RF1_ActiveLearning,VNIFGSM,0,0.3333333333333333,0.5,1.0,0.16666666666666666,0.3333333333333333,0.25,0.5
DT100_ActiveLearning,baseline,0,0.8429423459244533,0.9029711375212224,0.8645920740413209,0.6595809054235768,0.8429423459244533,0.6955229141285275,0.8105100709293497
DT100_ActiveLearning,BIM,0,0.5699943171055124,0.5603629647964413,0.5771633932590471,0.5618806639844967,0.5699943171055124,0.5601692327342824,0.5726591688868092
DT100_ActiveLearning,FGSM,0,0.7831059390048154,0.7238002612838929,0.7954612885300076,0.7445859272366467,0.7831059390048154,0.732199203243888,0.7879084612464122
DT100_ActiveLearning,PGD,0,0.5699943171055124,0.5603629647964413,0.5771633932590471,0.5618806639844967,0.5699943171055124,0.5601692327342824,0.5726591688868092
DT100_ActiveLearning,DF,0,0.8614246788633709,0.646169999243898,0.9058675055119747,0.7458846269473587,0.8614246788633709,0.6753107142451404,0.8788399701541257
DT100_ActiveLearning,AutoPGD,0,0.8576355851569933,0.8573704830419759,0.8575617225306712,0.8430898343466358,0.8576355851569933,0.8486843039991362,0.8561867469842546
DT100_ActiveLearning,ZOO,0,0.9602586342848132,0.9712272296257316,0.9614287558552864,0.9052106988718361,0.9602586342848132,0.9337511857301113,0.9587650707412174
DT100_ActiveLearning,CaFA,0,0.7169197396963124,0.7169508775972654,0.7169374643476242,0.7134251453454049,0.7169197396963124,0.7140099948302603,0.7157620992657324
DT100_ActiveLearning,SINIFGSM,0,0.6204875038568343,0.5899021491342842,0.6215458206292409,0.5903926523010736,0.6204875038568343,0.5901330813393204,0.6210037355323023
DT100_ActiveLearning,VNIFGSM,0,0.622195416164053,0.608751188329621,0.618659712555422,0.6061055216193556,0.622195416164053,0.6068463835587365,0.6198715089075705
DT50_ActiveLearning,baseline,0,0.8546511627906976,0.9029046861753118,0.8706859503141785,0.6762896046085363,0.8546511627906976,0.7173034171142223,0.8272834470164231
DT50_ActiveLearning,BIM,0,0.7354002973030367,0.751334933515915,0.750317829076795,0.7331515708143045,0.7354002973030367,0.7298494925377972,0.730515589109626
DT50_ActiveLearning,FGSM,0,0.7547118273695712,0.7475452545866669,0.7521967901888205,0.7336647383115213,0.7547118273695712,0.738139243692392,0.7511849800289337
DT50_ActiveLearning,PGD,0,0.7354002973030367,0.751334933515915,0.750317829076795,0.7331515708143045,0.7354002973030367,0.7298494925377972,0.730515589109626
DT50_ActiveLearning,DF,0,0.7569258266309205,0.5828898477765792,0.9139403225234599,0.7412720379587849,0.7569258266309205,0.5793884184226237,0.8121162726489055
DT50_ActiveLearning,AutoPGD,0,0.9182280088917116,0.8983658779265331,0.9193038074160987,0.9066207915616098,0.9182280088917116,0.9023290175117696,0.9186472266888216
DT50_ActiveLearning,ZOO,0,0.9482926829268292,0.9520760316288722,0.9487235674731903,0.8913511379107709,0.9482926829268292,0.9175330816441467,0.9464353140314852
DT50_ActiveLearning,CaFA,0,0.803030303030303,0.7779541446208112,0.8014049964667249,0.7727412573069429,0.803030303030303,0.77520014232343,0.8020981923846183
DT50_ActiveLearning,SINIFGSM,0,0.7445544554455445,0.7131333570795859,0.7342309655000144,0.6792142857142858,0.7445544554455445,0.6888545828150274,0.7336056505290935
DT50_ActiveLearning,VNIFGSM,0,0.7466788822721027,0.7438467532895473,0.7453373474908922,0.7168962326075721,0.7466788822721027,0.7230207103680326,0.7393366909915291
DT20_ActiveLearning,baseline,0,0.7756563245823389,0.8593563053362048,0.8165072435709632,0.5868615882931344,0.7756563245823389,0.5824923677069199,0.7133016437664141
DT20_ActiveLearning,BIM,0,0.6326530612244898,0.6377966573597691,0.6378227669848212,0.6327462128366892,0.6326530612244898,0.6292906178489703,0.6292563072022812
DT20_ActiveLearning,FGSM,0,0.7510548523206751,0.7455486471915971,0.7514914677053598,0.7463235294117647,0.7510548523206751,0.7459130715330686,0.7512509371812194
DT20_ActiveLearning,PGD,0,0.6326530612244898,0.6377966573597691,0.6378227669848212,0.6327462128366892,0.6326530612244898,0.6292906178489703,0.6292563072022812
DT20_ActiveLearning,DF,0,0.7919463087248322,0.5164155201281211,0.9237219032710855,0.560863697705803,0.7919463087248322,0.4982074959261271,0.8486327462824771
DT20_ActiveLearning,AutoPGD,0,0.8698177977290732,0.8403111408497825,0.8743640739572959,0.857191660563253,0.8698177977290732,0.8478133228625351,0.8713917289174435
DT20_ActiveLearning,ZOO,0,0.9286498353457738,0.9177057306947833,0.9272500682895127,0.808463610855665,0.9286498353457738,0.8504970806906474,0.9233104518040521
DT20_ActiveLearning,CaFA,0,0.7035830618892508,0.6925324675324676,0.7092368543508609,0.6976139696081045,0.7035830618892508,0.6941193216033634,0.705510860836376
DT20_ActiveLearning,SINIFGSM,0,0.7264584846284192,0.6496267553584627,0.722044180222617,0.6445632141979412,0.7264584846284192,0.6468867533457795,0.7241050116991009
DT20_ActiveLearning,VNIFGSM,0,0.876875,0.8013122518764939,0.8754304913015282,0.7939070283734027,0.876875,0.7975156986361502,0.8761091365259396
DT1_ActiveLearning,baseline,0,0.8571428571428571,0.8405172413793103,0.8682266009852215,0.8630514705882353,0.8571428571428571,0.8480283562250776,0.8594214823723021
DT1_ActiveLearning,BIM,0,0.8706697459584296,0.8482042498528074,0.8688264232010453,0.8348000617569862,0.8706697459584296,0.8410175714660373,0.8694012037341562
DT1_ActiveLearning,FGSM,0,0.7005494505494505,0.7096562749800159,0.7088091285213588,0.6980488099552977,0.7005494505494505,0.6954723034531458,0.6963364987035807
DT1_ActiveLearning,PGD,0,0.8706697459584296,0.8482042498528074,0.8688264232010453,0.8348000617569862,0.8706697459584296,0.8410175714660373,0.8694012037341562
DT1_ActiveLearning,DF,0,0.32608695652173914,0.5065375911491073,0.8996621880158738,0.525,0.32608695652173914,0.28521303258145364,0.4363226907849333
DT1_ActiveLearning,AutoPGD,0,0.9640371229698376,0.872391822930821,0.9650625249283161,0.8918366883780042,0.9640371229698376,0.8818044700397641,0.9644946064353733
DT1_ActiveLearning,ZOO,0,0.8607594936708861,0.8436936198130228,0.8806696798383932,0.8765498652291106,0.8607594936708861,0.8522108843537415,0.8639089813140445
DT1_ActiveLearning,CaFA,0,1.0,1.0,1.0,1.0,1.0,1.0,1.0
DT1_ActiveLearning,SINIFGSM,0,0.6130653266331658,0.605143031040779,0.6362228060570656,0.612054054054054,0.6130653266331658,0.6027944111776447,0.6191636826848814
DT1_ActiveLearning,VNIFGSM,0,0.663013698630137,0.5647435897435897,0.684569722514928,0.5725098457499179,0.663013698630137,0.5668220105942628,0.6725210166336827
model,attack_model,epsilon,Accuracy,Macro Precision,Weighted Precision,Macro Recall,Weighted Recall,Macro F1,Weighted F1
,,,,,,,,,
XGB100_ActiveLearning_DensityWeighted,baseline,0,0.6460674157303371,0.6729671913150603,0.6662207161150496,0.5779237302568438,0.6460674157303371,0.5455488289003573,0.585859183687124
XGB100_ActiveLearning_DensityWeighted,BIM,0,0.7125423728813559,0.7074591162629525,0.7135048830102844,0.7086094948352023,0.7125423728813559,0.7079480713551882,0.7129397178782136
XGB100_ActiveLearning_DensityWeighted,FGSM,0,0.7303532804614276,0.7296037695437996,0.7299864312359218,0.7246093504469056,0.7303532804614276,0.7257861595324486,0.7288734312218701
XGB100_ActiveLearning_DensityWeighted,PGD,0,0.7125423728813559,0.7074591162629525,0.7135048830102844,0.7086094948352023,0.7125423728813559,0.7079480713551882,0.7129397178782136
XGB100_ActiveLearning_DensityWeighted,DF,0,0.9464882943143813,0.7328941993464052,0.9682836101274399,0.9146112356826859,0.9464882943143813,0.7928533541172778,0.9539463011200661
XGB100_ActiveLearning_DensityWeighted,AutoPGD,0,0.9127686472819216,0.8215539684590091,0.9182299083069876,0.8557060169455107,0.9127686472819216,0.837155388471178,0.9149664352621968
XGB100_ActiveLearning_DensityWeighted,ZOO,0,0.7802257581939345,0.8064787313719006,0.7943271482476776,0.7154095497220403,0.7802257581939345,0.729623894212067,0.7616457590959083
XGB100_ActiveLearning_DensityWeighted,CaFA,0,0.19846153846153847,0.5003260059612519,0.9672493694829759,0.5029876227059326,0.19846153846153847,0.17438484173982577,0.31060254931852455
XGB100_ActiveLearning_DensityWeighted,SINIFGSM,0,0.7378497790868925,0.7405313883823912,0.757609005474778,0.7482258064516129,0.7378497790868925,0.736362446557892,0.7398912158914029
XGB100_ActiveLearning_DensityWeighted,VNIFGSM,0,0.6829599456890699,0.6759809524532829,0.6817921460241175,0.6743817637231144,0.6829599456890699,0.6750370483397572,0.6822365507136979
XGB50_ActiveLearning_DensityWeighted,baseline,0,0.6548463356973995,0.6610128228221466,0.6591385213549223,0.5545978492407064,0.6548463356973995,0.5138549527945429,0.5795849126904312
XGB50_ActiveLearning_DensityWeighted,BIM,0,0.7423312883435583,0.7425498230582976,0.7424450651474226,0.7280576664477594,0.7423312883435583,0.731118827308928,0.7383852720137742
XGB50_ActiveLearning_DensityWeighted,FGSM,0,0.7292387543252595,0.7283152517379398,0.7287557730870635,0.7119959045828941,0.7292387543252595,0.7151604322487752,0.7242538231619908
XGB50_ActiveLearning_DensityWeighted,PGD,0,0.7423312883435583,0.7425498230582976,0.7424450651474226,0.7280576664477594,0.7423312883435583,0.731118827308928,0.7383852720137742
XGB50_ActiveLearning_DensityWeighted,DF,0,0.9844082211197732,0.8174443550549746,0.9890282819793679,0.965694952594516,0.9844082211197732,0.8764054785793917,0.9858821023674813
XGB50_ActiveLearning_DensityWeighted,AutoPGD,0,0.9183723797780518,0.8008607891551036,0.9206121669144735,0.8165653604077094,0.9183723797780518,0.8084162914916282,0.9194103767052348
XGB50_ActiveLearning_DensityWeighted,ZOO,0,0.7954471544715447,0.807603634367396,0.8007957673801553,0.6996773661533388,0.7954471544715447,0.7205418281701581,0.7743212175938295
XGB50_ActiveLearning_DensityWeighted,CaFA,0,0.11369509043927649,0.5,1.0,0.056847545219638244,0.11369509043927649,0.10208816705336426,0.20417633410672853
XGB50_ActiveLearning_DensityWeighted,SINIFGSM,0,0.5482954545454546,0.6591673273010579,0.8389847343752718,0.7015752120477756,0.5482954545454546,0.5432488676704614,0.5695729559643441
XGB50_ActiveLearning_DensityWeighted,VNIFGSM,0,0.73407917383821,0.7439807541241164,0.7412149495749805,0.7224699383097406,0.73407917383821,0.7233339728756984,0.728026200370245
XGB20_ActiveLearning_DensityWeighted,baseline,0,0.7662771285475793,0.81061066383108,0.7978414578756381,0.7330996352029184,0.7662771285475793,0.737280701754386,0.7502489529332513
XGB20_ActiveLearning_DensityWeighted,BIM,0,0.6930884485258579,0.6666077532006508,0.8366055848479649,0.7574998907358577,0.6930884485258579,0.6513326990622608,0.7235888074217536
XGB20_ActiveLearning_DensityWeighted,FGSM,0,0.6914080071974809,0.6524691561927098,0.8173061452704148,0.7317953211822339,0.6914080071974809,0.6429432390970853,0.7213508309566996
XGB20_ActiveLearning_DensityWeighted,PGD,0,0.6930884485258579,0.6666077532006508,0.8366055848479649,0.7574998907358577,0.6930884485258579,0.6513326990622608,0.7235888074217536
XGB20_ActiveLearning_DensityWeighted,DF,0,0.9835948644793152,0.5,1.0,0.4917974322396576,0.9835948644793152,0.49586479683567064,0.9917295936713413
XGB20_ActiveLearning_DensityWeighted,AutoPGD,0,0.9139710942876806,0.9218816020861083,0.9173516531758976,0.9050129224920901,0.9139710942876806,0.9107508330331744,0.9130960232946083
XGB20_ActiveLearning_DensityWeighted,ZOO,0,0.8400281888653982,0.8423761728429434,0.8508189237409254,0.8469214105793451,0.8400281888653982,0.8397320184691319,0.8405525561243615
XGB20_ActiveLearning_DensityWeighted,CaFA,0,0.43478260869565216,0.5,1.0,0.21739130434782608,0.43478260869565216,0.30303030303030304,0.6060606060606061
XGB20_ActiveLearning_DensityWeighted,SINIFGSM,0,0.7607165706973769,0.6475750068813653,0.9186295525536426,0.844959078976717,0.7607165706973769,0.652940519898737,0.8050148786031323
XGB20_ActiveLearning_DensityWeighted,VNIFGSM,0,0.8007590132827325,0.6772542486030932,0.8998654400700692,0.8298011545171922,0.8007590132827325,0.7004125519750519,0.8294920983784835
XGB1_ActiveLearning_DensityWeighted,baseline,0,1.0,1.0,1.0,1.0,1.0,1.0,1.0
XGB1_ActiveLearning_DensityWeighted,BIM,0,1.0,1.0,1.0,1.0,1.0,1.0,1.0
XGB1_ActiveLearning_DensityWeighted,FGSM,0,1.0,1.0,1.0,1.0,1.0,1.0,1.0
XGB1_ActiveLearning_DensityWeighted,PGD,0,1.0,1.0,1.0,1.0,1.0,1.0,1.0
XGB1_ActiveLearning_DensityWeighted,DF,0,0.9113539769277474,0.49505277044854884,0.9810881862441186,0.45986519607843135,0.9113539769277474,0.4768106734434562,0.9449362708679059
XGB1_ActiveLearning_DensityWeighted,AutoPGD,0,0.9936708860759493,0.9965277777777778,0.9937148382559776,0.9666666666666667,0.9936708860759493,0.9810164604109095,0.9935727897529646
XGB1_ActiveLearning_DensityWeighted,ZOO,0,1.0,1.0,1.0,1.0,1.0,1.0,1.0
XGB1_ActiveLearning_DensityWeighted,CaFA,0,0.64,0.5263157894736842,0.9810526315789474,0.8163265306122449,0.64,0.4375,0.7615000000000001
XGB1_ActiveLearning_DensityWeighted,SINIFGSM,0,1.0,1.0,1.0,1.0,1.0,1.0,1.0
XGB1_ActiveLearning_DensityWeighted,VNIFGSM,0,1.0,1.0,1.0,1.0,1.0,1.0,1.0
RF100_ActiveLearning_DensityWeighted,baseline,0,0.8597367226509306,0.9085947760105064,0.8765646569662544,0.7182657401839603,0.8597367226509306,0.7605169420419104,0.8390950898726084
RF100_ActiveLearning_DensityWeighted,BIM,0,0.8146341463414634,0.5975542845742028,0.8988915589950632,0.7076991150442478,0.8146341463414634,0.6147294148678947,0.8471243058586123
RF100_ActiveLearning_DensityWeighted,FGSM,0,0.8198051948051948,0.5943793103448276,0.8984694357366773,0.6970269589317208,0.8198051948051948,0.6116213683223992,0.8507327255687143
RF100_ActiveLearning_DensityWeighted,PGD,0,0.8146341463414634,0.5975542845742028,0.8988915589950632,0.7076991150442478,0.8146341463414634,0.6147294148678947,0.8471243058586123
RF100_ActiveLearning_DensityWeighted,DF,0,0.9516063440422936,0.7718978181881704,0.9622855647701081,0.8784656579963164,0.9516063440422936,0.814525079467701,0.9555618582991764
RF100_ActiveLearning_DensityWeighted,AutoPGD,0,0.9959288622241268,0.9917859153922471,0.9959063628831492,0.9760290466124302,0.9959288622241268,0.9837574087028549,0.9958957221279054
RF100_ActiveLearning_DensityWeighted,ZOO,0,0.9845831462355935,0.989285256877371,0.9847969296818576,0.9628494856501475,0.9845831462355935,0.9753854039665977,0.9843691928772305
RF100_ActiveLearning_DensityWeighted,CaFA,0,0.8208092485549133,0.8188502673796791,0.8456230101078793,0.8377230246389125,0.8208092485549133,0.8178638138903039,0.823353033037985
RF100_ActiveLearning_DensityWeighted,SINIFGSM,0,0.7754442649434572,0.8101398601398602,0.8047685755278647,0.7648510183555444,0.7754442649434572,0.7636995800800292,0.7668485173260209
RF100_ActiveLearning_DensityWeighted,VNIFGSM,0,0.8110367892976589,0.5814140629335701,0.8855420356179217,0.6606204379562044,0.811036789297659,0.5944789510006901,0.8412656866343067
RF50_ActiveLearning_DensityWeighted,baseline,0,0.8013955984970478,0.8649077642766777,0.8318184941492311,0.6712083983269604,0.8013955984970478,0.6936051390736013,0.7674489198731932
RF50_ActiveLearning_DensityWeighted,BIM,0,0.7950530035335689,0.6843888603354082,0.7963863064636673,0.6867637134869372,0.7950530035335689,0.6855555555555555,0.7957086768747546
RF50_ActiveLearning_DensityWeighted,FGSM,0,0.7916666666666666,0.675,0.7958333333333333,0.6818181818181819,0.7916666666666666,0.6782302664655606,0.7936567789508966
RF50_ActiveLearning_DensityWeighted,PGD,0,0.7950530035335689,0.6843888603354082,0.7963863064636673,0.6867637134869372,0.7950530035335689,0.6855555555555555,0.7957086768747546
RF50_ActiveLearning_DensityWeighted,DF,0,0.9787375415282392,0.7798620749479528,0.9856700196661141,0.9404436860068259,0.9787375415282392,0.8406479961882577,0.9811031011914507
RF50_ActiveLearning_DensityWeighted,AutoPGD,0,0.9978785468045611,0.9918487896077104,0.9978862698365135,0.9946167671248665,0.9978785468045611,0.9932280031318914,0.9978815231525117
RF50_ActiveLearning_DensityWeighted,ZOO,0,0.94250622997508,0.9626954377440529,0.945969464181451,0.8780340216137186,0.94250622997508,0.9117950444907593,0.9396250297682553
RF50_ActiveLearning_DensityWeighted,CaFA,0,0.4024390243902439,0.5,1.0,0.20121951219512196,0.4024390243902439,0.28695652173913044,0.5739130434782609
RF50_ActiveLearning_DensityWeighted,SINIFGSM,0,0.9818181818181818,0.9772727272727273,0.9826446280991735,0.9852941176470589,0.9818181818181818,0.9809094064560916,0.9818939130983559
RF50_ActiveLearning_DensityWeighted,VNIFGSM,0,0.7775919732441472,0.6908078457446809,0.7699793304810361,0.6764235764235764,0.7775919732441472,0.6827206542335693,0.7732400778766895
RF20_ActiveLearning_DensityWeighted,baseline,0,0.8367697594501718,0.8674328954882924,0.8557758355068582,0.8116938169926724,0.8367697594501718,0.8221242781540046,0.8301924474908153
RF20_ActiveLearning_DensityWeighted,BIM,0,0.7061258278145696,0.5545378112008968,0.9549042474245683,0.7913561352142666,0.7061258278145696,0.5127609945202086,0.7932797539906086
RF20_ActiveLearning_DensityWeighted,FGSM,0,0.7917737789203085,0.574048579575939,0.9493450723333484,0.7995917198570096,0.7917737789203085,0.5728100055925568,0.849954458368257
RF20_ActiveLearning_DensityWeighted,PGD,0,0.7061258278145696,0.5545378112008968,0.9549042474245683,0.7913561352142666,0.7061258278145696,0.5127609945202086,0.7932797539906086
RF20_ActiveLearning_DensityWeighted,DF,0,0.9797486033519553,0.5,1.0,0.4898743016759777,0.9797486033519553,0.4948853615520282,0.9897707231040564
RF20_ActiveLearning_DensityWeighted,AutoPGD,0,0.9838150289017341,0.9826167076167076,0.9839108946045362,0.9843356164383561,0.9838150289017341,0.9834410145967935,0.9838294140673087
RF20_ActiveLearning_DensityWeighted,ZOO,0,0.9370729953254225,0.9336457769461186,0.9419266775707068,0.9431763521627915,0.9370729953254225,0.9362498943884057,0.9374142175493124
RF20_ActiveLearning_DensityWeighted,CaFA,0,0.8,0.42857142857142855,0.7428571428571428,0.46153846153846156,0.8,0.4444444444444444,0.7703703703703704
RF20_ActiveLearning_DensityWeighted,SINIFGSM,0,0.9061597690086621,0.5171465527980768,0.9957535049616969,0.8906400966183574,0.9061597690086621,0.5087905174179893,0.9471936189589029
RF20_ActiveLearning_DensityWeighted,VNIFGSM,0,0.8164157357940748,0.5408569864958808,0.982774044490644,0.8792909320590981,0.8164157357940748,0.5247625956212081,0.8840402084689987
RF1_ActiveLearning_DensityWeighted,baseline,0,1.0,1.0,1.0,1.0,1.0,1.0,1.0
0,0,0,0,0,0,0,0,0,0
0,0,0,0,0,0,0,0,0,0
0,0,0,0,0,0,0,0,0,0
RF1_ActiveLearning_DensityWeighted,DF,0,0.9773755656108597,0.5,1.0,0.48868778280542985,0.9773755656108597,0.494279176201373,0.9885583524027461
RF1_ActiveLearning_DensityWeighted,AutoPGD,0,1.0,1.0,1.0,1.0,1.0,1.0,1.0
RF1_ActiveLearning_DensityWeighted,ZOO,0,1.0,1.0,1.0,1.0,1.0,1.0,1.0
RF1_ActiveLearning_DensityWeighted,CaFA,0,0.6180555555555556,0.5,1.0,0.3090277777777778,0.6180555555555556,0.38197424892703863,0.7639484978540773
RF1_ActiveLearning_DensityWeighted,SINIFGSM,0,1.0,1.0,1.0,1.0,1.0,1.0,1.0
RF1_ActiveLearning_DensityWeighted,VNIFGSM,0,1.0,1.0,1.0,1.0,1.0,1.0,1.0
DT100_ActiveLearning_DensityWeighted,baseline,0,0.8404785643070788,0.9108226542937103,0.866580572026739,0.6559257457846952,0.8404785643070788,0.6906737598905176,0.8063539741892661
DT100_ActiveLearning_DensityWeighted,BIM,0,0.5904460040751641,0.5833047712143334,0.6020160727458275,0.5862674183938239,0.5904460040751641,0.582482960805974,0.5940097922923591
DT100_ActiveLearning_DensityWeighted,FGSM,0,0.7507532182963572,0.728684612398582,0.754218735471144,0.7340219008724951,0.7507532182963572,0.7310155379673049,0.75219013739008
DT100_ActiveLearning_DensityWeighted,PGD,0,0.5904460040751641,0.5833047712143334,0.6020160727458275,0.5862674183938239,0.5904460040751641,0.582482960805974,0.5940097922923591
DT100_ActiveLearning_DensityWeighted,DF,0,0.8599071207430341,0.6348807014585617,0.9124047904741792,0.7482429661751593,0.8599071207430341,0.664520534581992,0.880317687045861
DT100_ActiveLearning_DensityWeighted,AutoPGD,0,0.8501960784313726,0.8495118863870273,0.8499971116786337,0.8244428397577819,0.8501960784313726,0.8338724313697906,0.8474187439855322
DT100_ActiveLearning_DensityWeighted,ZOO,0,0.9614046187915217,0.9722826793843486,0.9625382868779367,0.9074737688667776,0.9614046187915217,0.9355966679581558,0.9599858908596524
DT100_ActiveLearning_DensityWeighted,CaFA,0,0.6449375866851595,0.6542286794235767,0.6589168454842458,0.6515858642147302,0.6449375866851595,0.6444389650017722,0.6434232541652426
DT100_ActiveLearning_DensityWeighted,SINIFGSM,0,0.5570333633904418,0.5632898467001193,0.5638384562440648,0.5596205449518691,0.5570333633904418,0.5515843813781334,0.5505369288031702
DT100_ActiveLearning_DensityWeighted,VNIFGSM,0,0.6663909567135373,0.6659916774117922,0.6661290500332929,0.6562315546753898,0.6663909567135373,0.656114245416079,0.661375528233438
DT50_ActiveLearning_DensityWeighted,baseline,0,0.8131450298750679,0.8855368850679519,0.8441108648143537,0.637605963395168,0.8131450298750679,0.6602548421292065,0.7715489949903639
DT50_ActiveLearning_DensityWeighted,BIM,0,0.46890672016048146,0.49503775620280477,0.5406537844385367,0.49470095978644335,0.46890672016048146,0.46667458033361153,0.4771258396780255
DT50_ActiveLearning_DensityWeighted,FGSM,0,0.6194302410518627,0.636904276524418,0.642693546635386,0.629820435165496,0.6194302410518627,0.6169572317985286,0.6145067044474977
DT50_ActiveLearning_DensityWeighted,PGD,0,0.46890672016048146,0.49503775620280477,0.5406537844385367,0.49470095978644335,0.46890672016048146,0.46667458033361153,0.4771258396780255
DT50_ActiveLearning_DensityWeighted,DF,0,0.7010309278350515,0.5797228647398345,0.6468506434969579,0.5377389190085283,0.7010309278350515,0.5242874167320655,0.6502124975813388
DT50_ActiveLearning_DensityWeighted,AutoPGD,0,0.9202751922298664,0.903579957798573,0.9195592730861575,0.8941057138477713,0.9202751922298664,0.8986696392143149,0.9198018014977114
DT50_ActiveLearning_DensityWeighted,ZOO,0,0.9195858498705781,0.9354390227767012,0.9226768440407846,0.8281943066127143,0.9195858498705781,0.8677043308611085,0.9139816736645401
DT50_ActiveLearning_DensityWeighted,CaFA,0,0.5047619047619047,0.5,1.0,0.2523809523809524,0.5047619047619047,0.33544303797468356,0.6708860759493671
DT50_ActiveLearning_DensityWeighted,SINIFGSM,0,0.5734430082256169,0.5849411518092197,0.64057089851139,0.5947335849990717,0.5734430082256169,0.5661053267338632,0.5846042406151823
DT50_ActiveLearning_DensityWeighted,VNIFGSM,0,0.47881773399014776,0.4852903396573066,0.5186686786859881,0.4842714680518097,0.47881773399014776,0.47307085748717603,0.4873296171124739
DT20_ActiveLearning_DensityWeighted,baseline,0,0.7909319899244333,0.846931930991924,0.8296609211299877,0.7531206566918756,0.7909319899244333,0.7612402089718786,0.7752377628495116
DT20_ActiveLearning_DensityWeighted,BIM,0,0.9252949394597951,0.732280627384485,0.9298561781068205,0.7600202515263539,0.9252949394597951,0.7451237696134562,0.9273989461974421
DT20_ActiveLearning_DensityWeighted,FGSM,0,0.8253014190703133,0.6231108907075155,0.7802731310338621,0.5543937215139049,0.8253014190703133,0.5618244052695273,0.7922867329397925
DT20_ActiveLearning_DensityWeighted,PGD,0,0.9252949394597951,0.732280627384485,0.9298561781068205,0.7600202515263539,0.9252949394597951,0.7451237696134562,0.9273989461974421
DT20_ActiveLearning_DensityWeighted,DF,0,0.7285451717800084,0.7209377227283476,0.7284933763822099,0.7208526625876597,0.7285451717800084,0.7208949474113084,0.7285190395020625
DT20_ActiveLearning_DensityWeighted,AutoPGD,0,0.9513765899211077,0.9369628050225065,0.9515176545758302,0.9392899815416371,0.9513765899211077,0.9381172367850822,0.951441157205944
DT20_ActiveLearning_DensityWeighted,ZOO,0,0.9392628205128205,0.9433301709759196,0.939835653017641,0.8993944512524978,0.9392628205128205,0.918403440569357,0.9376826646312079
DT20_ActiveLearning_DensityWeighted,CaFA,0,0.6883187772925764,0.6522814764492754,0.6797054663767325,0.6411415311277182,0.6883187772925764,0.6448386486735161,0.682417418182033
DT20_ActiveLearning_DensityWeighted,SINIFGSM,0,0.9529533678756477,0.6280613884700044,0.985198655222107,0.9271808135950955,0.9529533678756477,0.6882852279457405,0.9654664679686
DT20_ActiveLearning_DensityWeighted,VNIFGSM,0,0.9509561122163128,0.7005935384604364,0.975102452391974,0.9182869974547205,0.9509561122163128,0.7649636507948545,0.9595125633647236
DT1_ActiveLearning_DensityWeighted,baseline,0,0.9988958410011042,0.9939024390243902,0.9989093063547492,0.9993936944219887,0.9988958410011042,0.9966291786336822,0.9988988930599472
DT1_ActiveLearning_DensityWeighted,BIM,0,0.9785120616257855,0.5,1.0,0.48925603081289276,0.9785120616257855,0.49456967213114755,0.9891393442622952
DT1_ActiveLearning_DensityWeighted,FGSM,0,0.7818740399385561,0.5,1.0,0.39093701996927804,0.7818740399385561,0.4387931034482759,0.8775862068965518
DT1_ActiveLearning_DensityWeighted,PGD,0,0.9785120616257855,0.5,1.0,0.48925603081289276,0.9785120616257855,0.49456967213114755,0.9891393442622952
DT1_ActiveLearning_DensityWeighted,DF,0,0.043803197010587505,0.1011198660007667,0.15570124926907183,0.18537069503211343,0.043803197010587505,0.04339913514400987,0.02727339337786618
DT1_ActiveLearning_DensityWeighted,AutoPGD,0,0.9793710691823899,0.8340080971659919,0.9862195401420824,0.989238845144357,0.9793710691823899,0.8950463283763559,0.9813117452267611
DT1_ActiveLearning_DensityWeighted,ZOO,0,0.9988969236426033,0.9939024390243902,0.9989103757933032,0.9993943472409152,0.9988969236426033,0.9966295054391,0.9988999730693563
DT1_ActiveLearning_DensityWeighted,CaFA,0,1.0,1.0,1.0,1.0,1.0,1.0,1.0
DT1_ActiveLearning_DensityWeighted,SINIFGSM,0,0.8977937016782953,0.5,1.0,0.44889685083914765,0.8977937016782953,0.4730723370429253,0.9461446740858506
DT1_ActiveLearning_DensityWeighted,VNIFGSM,0,0.6779563719862227,0.5,1.0,0.33897818599311136,0.6779563719862227,0.4040369483407458,0.8080738966814917
XGB100_ActiveLearning_BatchMode,baseline,0,0.6460674157303371,0.6729671913150603,0.6662207161150496,0.5779237302568438,0.6460674157303371,0.5455488289003573,0.585859183687124
XGB100_ActiveLearning_BatchMode,BIM,0,0.7125423728813559,0.7074591162629525,0.7135048830102844,0.7086094948352023,0.7125423728813559,0.7079480713551882,0.7129397178782136
XGB100_ActiveLearning_BatchMode,FGSM,0,0.7303532804614276,0.7296037695437996,0.7299864312359218,0.7246093504469056,0.7303532804614276,0.7257861595324486,0.7288734312218701
XGB100_ActiveLearning_BatchMode,PGD,0,0.7125423728813559,0.7074591162629525,0.7135048830102844,0.7086094948352023,0.7125423728813559,0.7079480713551882,0.7129397178782136
XGB100_ActiveLearning_BatchMode,DF,0,0.9464882943143813,0.7328941993464052,0.9682836101274399,0.9146112356826859,0.9464882943143813,0.7928533541172778,0.9539463011200661
XGB100_ActiveLearning_BatchMode,AutoPGD,0,0.9127686472819216,0.8215539684590091,0.9182299083069876,0.8557060169455107,0.9127686472819216,0.837155388471178,0.9149664352621968
XGB100_ActiveLearning_BatchMode,ZOO,0,0.7802257581939345,0.8064787313719006,0.7943271482476776,0.7154095497220403,0.7802257581939345,0.729623894212067,0.7616457590959083
XGB100_ActiveLearning_BatchMode,CaFA,0,0.19846153846153847,0.5003260059612519,0.9672493694829759,0.5029876227059326,0.19846153846153847,0.17438484173982577,0.31060254931852455
XGB100_ActiveLearning_BatchMode,SINIFGSM,0,0.7378497790868925,0.7405313883823912,0.757609005474778,0.7482258064516129,0.7378497790868925,0.736362446557892,0.7398912158914029
XGB100_ActiveLearning_BatchMode,VNIFGSM,0,0.6829599456890699,0.6759809524532829,0.6817921460241175,0.6743817637231144,0.6829599456890699,0.6750370483397572,0.6822365507136979
XGB50_ActiveLearning_BatchMode,baseline,0,0.6358792184724689,0.6628008941914607,0.656164657657931,0.554225441919971,0.6358792184724689,0.5049939150900405,0.5567602958751461
XGB50_ActiveLearning_BatchMode,BIM,0,0.7370564281559046,0.7372538677918425,0.737162792942942,0.7316428898382668,0.7370564281559046,0.732798417536948,0.7354866546558285
XGB50_ActiveLearning_BatchMode,FGSM,0,0.7013149655604258,0.7106116767075294,0.7096699319419788,0.6984896943294487,0.7013149655604258,0.6959570379151175,0.6969426944159053
XGB50_ActiveLearning_BatchMode,PGD,0,0.7370564281559046,0.7372538677918425,0.737162792942942,0.7316428898382668,0.7370564281559046,0.732798417536948,0.7354866546558285
XGB50_ActiveLearning_BatchMode,DF,0,0.7340710932260228,0.5549638653027904,0.9682195788997504,0.848141339869281,0.7340710932260228,0.5201685468837474,0.8186222253060683
XGB50_ActiveLearning_BatchMode,AutoPGD,0,0.8847015685475657,0.7821292799578552,0.8781729619761492,0.7450220535222019,0.8847015685475657,0.7613887829728179,0.880648215437146
XGB50_ActiveLearning_BatchMode,ZOO,0,0.8053134080531341,0.8326529200551853,0.8198171659259165,0.755487580455488,0.8053134080531341,0.7707544970405624,0.7928372224309904
XGB50_ActiveLearning_BatchMode,CaFA,0,0.2973421926910299,0.5072004608294931,0.9553188679823017,0.552790346907994,0.2973421926910299,0.2501656345791998,0.42762447568860035
XGB50_ActiveLearning_BatchMode,SINIFGSM,0,0.7339015151515151,0.7685036141650975,0.7933389916829107,0.7611135518693952,0.7339015151515151,0.7336088789858436,0.732120615057571
XGB50_ActiveLearning_BatchMode,VNIFGSM,0,0.6203995793901157,0.6546881590288093,0.6686834976568475,0.6421678177889687,0.6203995793901157,0.6171958627702847,0.6127769432946558
XGB20_ActiveLearning_BatchMode,baseline,0,0.6613657623947614,0.6755088486932062,0.6711087774003567,0.5548709507394578,0.6613657623947614,0.513027567730139,0.5834253550286038
XGB20_ActiveLearning_BatchMode,BIM,0,0.8309585492227979,0.814962869859212,0.8356229741329452,0.8260317123541983,0.8309585492227979,0.8195013470750667,0.8324164708328563
XGB20_ActiveLearning_BatchMode,FGSM,0,0.8277488210474063,0.7838368379025819,0.8299994060891911,0.7906169921793111,0.8277488210474063,0.7870708482971005,0.828765192882167
XGB20_ActiveLearning_BatchMode,PGD,0,0.8309585492227979,0.814962869859212,0.8356229741329452,0.8260317123541983,0.8309585492227979,0.8195013470750667,0.8324164708328563
XGB20_ActiveLearning_BatchMode,DF,0,0.5350975975975976,0.5227395785333212,0.9656862904228843,0.7011299364566639,0.5350975975975976,0.3928391726243923,0.6696335799588414
XGB20_ActiveLearning_BatchMode,AutoPGD,0,0.8960173983960854,0.8890178458943476,0.89550304438312,0.8833682314533378,0.8960173983960854,0.8860487730093211,0.8956371613064248
XGB20_ActiveLearning_BatchMode,ZOO,0,0.8122461260719122,0.8250726425556425,0.8176273474680124,0.734487754845135,0.8122461260719122,0.7561998539924597,0.7973684523413767
XGB20_ActiveLearning_BatchMode,CaFA,0,0.24455611390284757,0.3545541523153463,0.5878350163882302,0.22138458530863594,0.24455611390284757,0.2149157464725487,0.32708920597169694
XGB20_ActiveLearning_BatchMode,SINIFGSM,0,0.714584969887405,0.7363647654420288,0.7305510351545396,0.6891884328358209,0.714584969887405,0.6880928746248312,0.6992562103644063
XGB20_ActiveLearning_BatchMode,VNIFGSM,0,0.7398633257403189,0.7036120874726018,0.7432142805381751,0.7083813878908454,0.7398633257403189,0.7057886637045494,0.7413686320953128
XGB1_ActiveLearning_BatchMode,baseline,0,0.6701164294954722,0.6773421023421023,0.6750423502040578,0.6114325270617118,0.6701164294954722,0.6013755642199609,0.6345681938701299
XGB1_ActiveLearning_BatchMode,BIM,0,0.7309058614564832,0.7251930962746567,0.7583710786768024,0.7421303472845449,0.7309058614564832,0.7240881260477766,0.7357206463496376
XGB1_ActiveLearning_BatchMode,FGSM,0,0.8851174934725848,0.8900727650727651,0.8916639073297036,0.8869213693046727,0.8851174934725848,0.8849982408676769,0.8848854343495207
XGB1_ActiveLearning_BatchMode,PGD,0,0.7309058614564832,0.7251930962746567,0.7583710786768024,0.7421303472845449,0.7309058614564832,0.7240881260477766,0.7357206463496376
XGB1_ActiveLearning_BatchMode,DF,0,0.1815060476004682,0.49658275109069516,0.9492902327835415,0.4788232697111202,0.1815060476004682,0.16393100788824247,0.2795497971253442
XGB1_ActiveLearning_BatchMode,AutoPGD,0,0.8564776773486716,0.7848916656589906,0.8609904711715085,0.800895560378319,0.8564776773486716,0.7923442628644866,0.8584373972589818
XGB1_ActiveLearning_BatchMode,ZOO,0,0.7726495726495727,0.7675797334189423,0.7704920128087829,0.7169799191912497,0.7726495726495727,0.7293447293447294,0.7609443105169602
XGB1_ActiveLearning_BatchMode,CaFA,0,0.31476997578692495,0.46671267785092374,0.8729708245043106,0.3236286919831224,0.31476997578692495,0.2538606403013183,0.4484608053697396
XGB1_ActiveLearning_BatchMode,SINIFGSM,0,0.6915776986951364,0.6849764781534504,0.7281383047721665,0.7031708858406751,0.6915776986951364,0.6819052594914663,0.6986839805590572
XGB1_ActiveLearning_BatchMode,VNIFGSM,0,0.5636363636363636,0.5792811839323467,0.583317316932539,0.5736942849330052,0.5636363636363636,0.5590774295004086,0.5559073097369963
RF100_ActiveLearning_BatchMode,baseline,0,0.8568856885688569,0.8949740828455248,0.8700227634810489,0.7268594564073608,0.8568856885688569,0.7665966386554621,0.8380700254899439
RF100_ActiveLearning_BatchMode,BIM,0,0.7283236994219653,0.6105251432697774,0.7278297851404048,0.6101224646000766,0.7283236994219653,0.610322266504872,0.7280757972519714
RF100_ActiveLearning_BatchMode,FGSM,0,0.7448609431680774,0.6072420061141865,0.7664120071362481,0.6246111751152074,0.7448609431680774,0.6136070238372029,0.7543918294265435
RF100_ActiveLearning_BatchMode,PGD,0,0.7283236994219653,0.6105251432697774,0.7278297851404048,0.6101224646000766,0.7283236994219653,0.610322266504872,0.7280757972519714
RF100_ActiveLearning_BatchMode,DF,0,0.950363196125908,0.7596183716737905,0.9607575125635472,0.8594621238760235,0.950363196125908,0.7997783592144168,0.9543573030146726
RF100_ActiveLearning_BatchMode,AutoPGD,0,0.9954451345755694,0.991578021978022,0.9954254044092554,0.9821084137013635,0.9954451345755694,0.9867848970251716,0.9954229856304276
RF100_ActiveLearning_BatchMode,ZOO,0,0.9852289512555391,0.989382529925705,0.9854132816698956,0.9667038023696828,0.9852289512555391,0.9775111029378937,0.9850538109760162
RF100_ActiveLearning_BatchMode,CaFA,0,0.7783783783783784,0.7794599018003273,0.7877515813686027,0.783772554605888,0.7783783783783784,0.7777289377289377,0.7792226512226511
RF100_ActiveLearning_BatchMode,SINIFGSM,0,0.8714524207011686,0.8428667987047691,0.868089406348651,0.81432832809753,0.8714524207011686,0.8268558665090001,0.8686651360641581
RF100_ActiveLearning_BatchMode,VNIFGSM,0,0.7124183006535948,0.6174402250351617,0.6996037983876157,0.6059378390139558,0.7124183006535948,0.6102562783038288,0.7050278564836118
RF50_ActiveLearning_BatchMode,baseline,0,0.8318540433925049,0.872446096331073,0.8493262748747581,0.7353381470837668,0.8318540433925049,0.764771190807835,0.813457360827734
RF50_ActiveLearning_BatchMode,BIM,0,0.5741017964071856,0.5485897435897436,0.5591563027790573,0.541926421343019,0.5741017964071856,0.5368276105784903,0.55866103868923
RF50_ActiveLearning_BatchMode,FGSM,0,0.6239600665557404,0.5887995018429801,0.6093332716352321,0.5780396310516792,0.6239600665557404,0.5781761941881446,0.611936019267281
RF50_ActiveLearning_BatchMode,PGD,0,0.5741017964071856,0.5485897435897436,0.5591563027790573,0.541926421343019,0.5741017964071856,0.5368276105784903,0.55866103868923
RF50_ActiveLearning_BatchMode,DF,0,0.49187878787878786,0.5145851003675431,0.9753485799470533,0.682371760879556,0.49187878787878786,0.35848465260229967,0.6391016612620891
RF50_ActiveLearning_BatchMode,AutoPGD,0,0.9644080700418729,0.9440142603404268,0.9643446564544927,0.9423684988179669,0.9644080700418729,0.9431884882584967,0.9643750280272616
RF50_ActiveLearning_BatchMode,ZOO,0,0.964247598719317,0.9674606769300212,0.9647100417515118,0.9566365404928725,0.964247598719317,0.961548541108169,0.9640383062358744
RF50_ActiveLearning_BatchMode,CaFA,0,0.7884615384615384,0.6607367978708503,0.8882923701875935,0.798222360829565,0.7884615384615384,0.6802571358697551,0.8188660813385684
RF50_ActiveLearning_BatchMode,SINIFGSM,0,0.5784023668639053,0.544567727550235,0.7611094191577256,0.5786195916838359,0.5784023668639053,0.5058669641826645,0.6313336066583243
RF50_ActiveLearning_BatchMode,VNIFGSM,0,0.4644303065355697,0.5061405178979437,0.5185559319823961,0.5045974301544265,0.4644303065355697,0.4460434791032919,0.4304584539464089
RF20_ActiveLearning_BatchMode,baseline,0,0.7878609310548026,0.8069605832763728,0.7966259463948886,0.6724420573814072,0.7878609310548026,0.6919213313161876,0.7592917999816353
RF20_ActiveLearning_BatchMode,BIM,0,0.632793323514973,0.6417220079033745,0.649861812546616,0.6413598383538646,0.632793323514973,0.6327826150666338,0.632561631632724
RF20_ActiveLearning_BatchMode,FGSM,0,0.7736808645899556,0.7737001723296184,0.7755344075975925,0.7747020245779019,0.7736808645899556,0.773478633723282,0.7738873982410261
RF20_ActiveLearning_BatchMode,PGD,0,0.632793323514973,0.6417220079033745,0.649861812546616,0.6413598383538646,0.632793323514973,0.6327826150666338,0.632561631632724
RF20_ActiveLearning_BatchMode,DF,0,0.7996515679442509,0.6688625257665086,0.9298669739720907,0.8826673526553479,0.7996515679442509,0.6898809628676967,0.8361346240970735
RF20_ActiveLearning_BatchMode,AutoPGD,0,0.9166026133743275,0.8728440178258872,0.923096057066594,0.9090542251428844,0.9166026133743275,0.8886893197663128,0.9185306229098005
RF20_ActiveLearning_BatchMode,ZOO,0,0.9175453759723423,0.9224551618413918,0.9185095806414146,0.8804175643987757,0.9175453759723423,0.8977767112147315,0.9153928916414232
RF20_ActiveLearning_BatchMode,CaFA,0,0.6234413965087282,0.5191082802547771,0.9856092253442826,0.8088607594936709,0.6234413965087281,0.4186564513186824,0.7533679793814044
RF20_ActiveLearning_BatchMode,SINIFGSM,0,0.6214128035320088,0.6576630434782609,0.8382302764180823,0.7354829425959133,0.6214128035320088,0.5997011522384599,0.6540317298829804
RF20_ActiveLearning_BatchMode,VNIFGSM,0,0.6344765342960289,0.6403624824677456,0.6427007358510304,0.6383043371722616,0.6344765342960289,0.6338992011278195,0.6331381710424527
RF1_ActiveLearning_BatchMode,baseline,0,0.6564181398923905,0.6177193413615139,0.6379573797043279,0.5928678207541875,0.6564181398923905,0.5928696693164753,0.6365128796536311
RF1_ActiveLearning_BatchMode,BIM,0,0.6432384341637011,0.6572121247220908,0.6772870041158339,0.6599724986904139,0.6432384341637011,0.6429668532138797,0.6447540310772201
RF1_ActiveLearning_BatchMode,FGSM,0,0.8036286019210246,0.817408119026505,0.8137085599592749,0.7951301408141016,0.8036286019210246,0.7975005872680292,0.8000946548205241
RF1_ActiveLearning_BatchMode,PGD,0,0.6432384341637011,0.6572121247220908,0.6772870041158339,0.6599724986904139,0.6432384341637011,0.6429668532138797,0.6447540310772201
RF1_ActiveLearning_BatchMode,DF,0,0.35135135135135137,0.5370781887352186,0.9303908267498934,0.6283167453627694,0.35135135135135137,0.3151015284323658,0.45246654508095724
RF1_ActiveLearning_BatchMode,AutoPGD,0,0.7927631578947368,0.6910781301522355,0.886173635459277,0.8233226046886963,0.7927631578947368,0.7114186713566155,0.8183660074370949
RF1_ActiveLearning_BatchMode,ZOO,0,0.7710955710955711,0.7543337709797566,0.7680913224261647,0.7447231739867144,0.7710955710955711,0.7487262685124987,0.7688935928725499
RF1_ActiveLearning_BatchMode,CaFA,0,0.3531468531468531,0.5026881720430108,0.9965222949093917,0.6754385964912281,0.3531468531468531,0.26508785332314744,0.5177015497871112
RF1_ActiveLearning_BatchMode,SINIFGSM,0,0.5921938088829072,0.49821923054911094,0.5278954131808361,0.49922158995783694,0.5921938088829072,0.4528053783930932,0.5197118250282039
RF1_ActiveLearning_BatchMode,VNIFGSM,0,0.7800989554700385,0.7807357439464107,0.7803835737989404,0.7498707175177763,0.7800989554700384,0.7580602255799106,0.7737562973231529
DT100_ActiveLearning_BatchMode,baseline,0,0.8461157842652153,0.9078439565964791,0.8682003503192158,0.6664238362856517,0.8461157842652153,0.7041428780559216,0.8151859725553333
DT100_ActiveLearning_BatchMode,BIM,0,0.6569015571390868,0.6569935361957366,0.6569684509984685,0.656345423836519,0.6569015571390868,0.6562809652073186,0.6565469331780764
DT100_ActiveLearning_BatchMode,FGSM,0,0.787787975276269,0.7446070567541618,0.8009635002139297,0.766822827647033,0.787787975276269,0.7530674166059346,0.7923838534219426
DT100_ActiveLearning_BatchMode,PGD,0,0.6569015571390868,0.6569935361957366,0.6569684509984685,0.656345423836519,0.6569015571390868,0.6562809652073186,0.6565469331780764
DT100_ActiveLearning_BatchMode,DF,0,0.8457300275482094,0.6340875449783233,0.9216699707571133,0.789500950882025,0.8457300275482094,0.6647342032560168,0.8732623329038509
DT100_ActiveLearning_BatchMode,AutoPGD,0,0.9305008030369397,0.9158730517416442,0.9308746050241927,0.919735711085477,0.9305008030369397,0.9177686924327071,0.9306614307774013
DT100_ActiveLearning_BatchMode,ZOO,0,0.9593852908891328,0.9692865108831694,0.9604418593020605,0.9056038259787036,0.9593852908891328,0.9332131557276537,0.9579101580205626
DT100_ActiveLearning_BatchMode,CaFA,0,0.6587837837837838,0.662509377344336,0.6623541442793129,0.6582431630370269,0.6587837837837838,0.656332264257222,0.656528385819347
DT100_ActiveLearning_BatchMode,SINIFGSM,0,0.5555555555555556,0.5795121564900609,0.5944492841618049,0.5764638434166712,0.5555555555555556,0.5545891358186177,0.5513881650801745
DT100_ActiveLearning_BatchMode,VNIFGSM,0,0.6349658314350797,0.6359480671286633,0.6360224789236317,0.635184255486412,0.6349658314350797,0.6345248010026576,0.6344525009317689
DT50_ActiveLearning_BatchMode,baseline,0,0.8462505236698785,0.871998106060606,0.8550806689644666,0.7037826697980627,0.8462505236698785,0.7409183195146225,0.8244504945575883
DT50_ActiveLearning_BatchMode,BIM,0,0.6865652724968314,0.6737417105625934,0.6803928310943004,0.6539143536107734,0.6865652724968314,0.6569284084338984,0.6771719585312188
DT50_ActiveLearning_BatchMode,FGSM,0,0.6936579841449604,0.658325033242074,0.7334455191158323,0.6847576037928629,0.6936579841449604,0.6613459429248854,0.7052974270409177
DT50_ActiveLearning_BatchMode,PGD,0,0.6865652724968314,0.6737417105625934,0.6803928310943004,0.6539143536107734,0.6865652724968314,0.6569284084338984,0.6771719585312188
DT50_ActiveLearning_BatchMode,DF,0,0.15844516427579824,0.3745954671047115,0.6737982765203673,0.2118104913355423,0.15844516427579824,0.1464289915126777,0.2330072971389995
DT50_ActiveLearning_BatchMode,AutoPGD,0,0.7883817427385892,0.7612280545933623,0.8379777683999079,0.8142451689493702,0.7883817427385892,0.7683991718503326,0.7979199876847278
DT50_ActiveLearning_BatchMode,ZOO,0,0.9320815450643777,0.9373171975065677,0.9331983540119344,0.9158933154365753,0.9320815450643777,0.9249498821822453,0.9312301143756999
DT50_ActiveLearning_BatchMode,CaFA,0,0.8917786268951067,0.6635914193719172,0.9275786474870779,0.7790056323986849,0.8917786268951067,0.6996154282124791,0.9057562859763518
DT50_ActiveLearning_BatchMode,SINIFGSM,0,0.7206456117294344,0.565255462455746,0.8623010501391916,0.6486552689279685,0.7206456117294344,0.5567180728633012,0.7719705303613921
DT50_ActiveLearning_BatchMode,VNIFGSM,0,0.8142174432497014,0.6594298204731456,0.8324592091584931,0.6893185673864387,0.8142174432497014,0.6714922314608288,0.8221595567206427
DT20_ActiveLearning_BatchMode,baseline,0,0.8407319552694003,0.8511093047276298,0.8697422407437074,0.8577762748150113,0.8407319552694003,0.8405222887282808,0.8414687274138942
DT20_ActiveLearning_BatchMode,BIM,0,0.8961100820322837,0.8898130215161038,0.8950613758165461,0.8565649266365598,0.8961100820322837,0.8706869338393555,0.893800817795614
DT20_ActiveLearning_BatchMode,FGSM,0,0.9285961073361741,0.8985098739564947,0.9282339944267286,0.8941702530068284,0.9285961073361741,0.8963133303277104,0.9284006560546643
DT20_ActiveLearning_BatchMode,PGD,0,0.8961100820322837,0.8898130215161038,0.8950613758165461,0.8565649266365598,0.8961100820322837,0.8706869338393555,0.893800817795614
DT20_ActiveLearning_BatchMode,DF,0,0.17163651066410593,0.24661908053923262,0.3498638900458899,0.18850944078184162,0.17163651066410593,0.166534828959092,0.20380874374184876
DT20_ActiveLearning_BatchMode,AutoPGD,0,0.9297107487203904,0.9278747803395806,0.9328113868103222,0.9332927992767704,0.9297107487203904,0.9292284795640655,0.9299315424581454
DT20_ActiveLearning_BatchMode,ZOO,0,0.8971452128207771,0.9018898017536536,0.9067020738382117,0.9019504010820365,0.8971452128207771,0.8971451855088357,0.8971490692668955
DT20_ActiveLearning_BatchMode,CaFA,0,0.9678586816027575,0.8338245290334868,0.9697226371080787,0.8692827608443305,0.9678586816027575,0.850511462002954,0.9686689959960257
DT20_ActiveLearning_BatchMode,SINIFGSM,0,0.8888565125088457,0.8977539773986121,0.8973757207000761,0.8883707641999232,0.8888565125088457,0.8881382410176355,0.8881968221210744
DT20_ActiveLearning_BatchMode,VNIFGSM,0,0.9275762520396637,0.9301352923147823,0.928008600141728,0.9036205527574377,0.9275762520396637,0.9151137082772374,0.9264263449115516
DT1_ActiveLearning_BatchMode,baseline,0,0.7064917127071824,0.693789811052554,0.699830561196786,0.6474749515767904,0.7064917127071824,0.6517710221884216,0.6870439411639294
DT1_ActiveLearning_BatchMode,BIM,0,0.5734005672864797,0.5735123959429494,0.5772409270013446,0.5740617634577843,0.5734005672864797,0.5726542451934471,0.5741930420277992
DT1_ActiveLearning_BatchMode,FGSM,0,0.8079488350845134,0.7972006207691054,0.806224345283831,0.7890023830051119,0.8079488350845134,0.7925607968877326,0.80660670494994
DT1_ActiveLearning_BatchMode,PGD,0,0.5734005672864797,0.5735123959429494,0.5772409270013446,0.5740617634577843,0.5734005672864797,0.5726542451934471,0.5741930420277992
DT1_ActiveLearning_BatchMode,DF,0,0.22035058887975897,0.4113975032474584,0.7179423404356515,0.2912322223402304,0.22035058887975897,0.20080257556276032,0.30456794922970065
DT1_ActiveLearning_BatchMode,AutoPGD,0,0.6627130766479914,0.6556172402735846,0.6597888451315912,0.6502993043360721,0.6627130766479914,0.6514425392795593,0.6597880415934728
DT1_ActiveLearning_BatchMode,ZOO,0,0.7594951639537627,0.7407363979511631,0.7528705972574509,0.7056443007141459,0.7594951639537627,0.715777740001995,0.7501205704868121
DT1_ActiveLearning_BatchMode,CaFA,0,0.6194739787353106,0.5541292854332401,0.7825564611644094,0.5984607545738932,0.6194739787353106,0.5273310596347975,0.6706255612017551
DT1_ActiveLearning_BatchMode,SINIFGSM,0,0.5640450354899241,0.5206730947673335,0.7843886662677966,0.5434498535734777,0.5640450354899241,0.46833434872894697,0.6327200528245239
DT1_ActiveLearning_BatchMode,VNIFGSM,0,0.6638559296512678,0.6604827094514251,0.6618854874925162,0.6509287049450354,0.6638559296512678,0.6514363486349317,0.6587319608401248
model,attack_model,epsilon,Accuracy,Macro Precision,Weighted Precision,Macro Recall,Weighted Recall,Macro F1,Weighted F1
,,,,,,,,,
RF10,baseline,0,0.6315327184892402,0.6400584637037838,0.6380084017265427,0.5818790438320139,0.6315327184892402,0.5585183024889,0.5868251873097663
RF10,BIM,0,0.9505494505494505,0.5,1.0,0.47527472527472525,0.9505494505494505,0.48732394366197185,0.9746478873239438
RF10,FGSM,0,0.9520958083832335,0.6,0.9904191616766468,0.9757575757575758,0.9520958083832335,0.6542443064182194,0.9674687891298148
RF10,PGD,0,0.9505494505494505,0.5,1.0,0.47527472527472525,0.9505494505494505,0.48732394366197185,0.9746478873239438
RF10,DF,0,0.9224096385542169,0.6935342465753425,0.9639705033833965,0.919326039054783,0.9224096385542169,0.7532864978314026,0.9364868266353359
RF10,AutoPGD,0,0.8559978626769971,0.6885565768659828,0.87994704052633,0.7474958413853081,0.8559978626769971,0.7108366197526281,0.865686226175343
RF10,ZOO,0,0.7375742154368109,0.7272983877662842,0.7326581839448162,0.6719202421689918,0.7375742154368109,0.6809195371894996,0.719761291237475
RF10,CaFA,0,0.22899159663865545,0.5,1.0,0.11449579831932773,0.22899159663865545,0.18632478632478633,0.37264957264957266
RF10,SINIFGSM,0,0.0,0.0,0.0,0.0,0.0,0.0,0.0
RF10,VNIFGSM,0,0.9607843137254902,0.5,1.0,0.4803921568627451,0.9607843137254902,0.49,0.98
RF10_ExcludeCaFA,baseline,0,0.6549815498154982,0.672721659990553,0.668600810674766,0.6206038046183479,0.6549815498154982,0.6083618307927123,0.6259377141676128
RF10_ExcludeCaFA,BIM,0,0.9090909090909091,0.4918032786885246,0.9687034277198212,0.46153846153846156,0.9090909090909091,0.47619047619047616,0.937950937950938
RF10_ExcludeCaFA,FGSM,0,0.8882175226586103,0.5044623655913979,0.9538410811162006,0.5160603715170279,0.8882175226586103,0.4959460015639791,0.9191156219229134
RF10_ExcludeCaFA,PGD,0,0.9090909090909091,0.4918032786885246,0.9687034277198212,0.46153846153846156,0.9090909090909091,0.47619047619047616,0.937950937950938
RF10_ExcludeCaFA,DF,0,0.9199063231850118,0.7297232961568312,0.9585158440617215,0.9321171015903269,0.9199063231850118,0.7888584877343776,0.9319826694958608
RF10_ExcludeCaFA,AutoPGD,0,0.8706659328563566,0.7454640075208165,0.8920058802390235,0.8130416538211215,0.8706659328563566,0.7714991330778946,0.878453467676052
RF10_ExcludeCaFA,ZOO,0,0.7717767166145233,0.7778415787306063,0.7748123725194893,0.7302865929116099,0.7717767166145233,0.7402755187406211,0.7612614231398306
RF10_ExcludeCaFA,CaFA,0,0.2876984126984127,0.4965753424657534,0.99118014785823,0.1441351888667992,0.2876984126984127,0.22342064714946072,0.4459547044292807
RF10_ExcludeCaFA,SINIFGSM,0,0.2222222222222222,0.5,1.0,0.1111111111111111,0.2222222222222222,0.18181818181818182,0.36363636363636365
RF10_ExcludeCaFA,VNIFGSM,0,0.8955696202531646,0.49475524475524474,0.980116402584757,0.4520766773162939,0.8955696202531646,0.4724540901502504,0.9359375330191669
RF10_Exclude2Attack,baseline,0,0.7013093289689034,0.7153912056373022,0.7103834794423902,0.6413877266387726,0.7013093289689034,0.6392029023607971,0.6717873392005531
RF10_Exclude2Attack,BIM,0,0.8565400843881856,0.5280868902439024,0.9514687532160131,0.6144409937888199,0.8565400843881856,0.5250221043324492,0.8983984152033038
RF10_Exclude2Attack,FGSM,0,0.84375,0.5242088226178587,0.9515242432590654,0.6077559779276518,0.84375,0.5159663865546218,0.8910504201680671
RF10_Exclude2Attack,PGD,0,0.8565400843881856,0.5280868902439024,0.9514687532160131,0.6144409937888199,0.8565400843881856,0.5250221043324492,0.8983984152033038
RF10_Exclude2Attack,DF,0,0.9364613880742912,0.661874334398296,0.9666499062562136,0.8499808124554575,0.9364613880742912,0.7145218417945691,0.9480258655411948
RF10_Exclude2Attack,AutoPGD,0,0.8943500229673863,0.8348315490764003,0.8939890314653939,0.8324992849121766,0.8943500229673863,0.8336569101931361,0.8941654051338525
RF10_Exclude2Attack,ZOO,0,0.7971305595408895,0.814074223721297,0.8051973468155074,0.7327418306160515,0.7971305595408895,0.7499352737112618,0.7823859292916069
RF10_Exclude2Attack,CaFA,0,0.41434262948207173,0.42162538026944807,0.4239873534977864,0.42777733279935926,0.41434262948207173,0.40847441323586,0.4028409256394967
RF10_Exclude2Attack,SINIFGSM,0,0.46938775510204084,0.6071428571428572,0.7842565597667639,0.6255980861244019,0.46938775510204084,0.46739130434782605,0.4853593611357586
RF10_Exclude2Attack,VNIFGSM,0,0.8676789587852495,0.5405578848292976,0.9492221830177476,0.6417040358744395,0.8676789587852495,0.5462671636252159,0.9032993381457687
RF10_Exclude3Attack,baseline,0,0.7005119453924915,0.6588077647399682,0.6818046414997881,0.6145854769114183,0.7005119453924915,0.6186533300578919,0.6768438006272389
RF10_Exclude3Attack,BIM,0,0.6478260869565218,0.5960870296863091,0.6702671238448068,0.6062883922607771,0.6478260869565218,0.598243398511495,0.6566626056892988
RF10_Exclude3Attack,FGSM,0,0.7182677949228472,0.6774422137402751,0.7112272156530383,0.6664851346034957,0.7182677949228472,0.6707808421291568,0.7137867194298647
RF10_Exclude3Attack,PGD,0,0.6478260869565218,0.5960870296863091,0.6702671238448068,0.6062883922607771,0.6478260869565218,0.598243398511495,0.6566626056892988
RF10_Exclude3Attack,DF,0,0.6133333333333333,0.6040290095756333,0.6340486201900992,0.6104778790949004,0.6133333333333333,0.602386471096707,0.619099983975842
RF10_Exclude3Attack,AutoPGD,0,0.7997329773030708,0.7347931739189555,0.8406930129704968,0.7968214701414196,0.7997329773030708,0.7516747038082623,0.8112552947722357
RF10_Exclude3Attack,ZOO,0,0.8060253699788583,0.7789566061298814,0.7992112312101367,0.7374273127109264,0.8060253699788583,0.752166867732195,0.7982702341678309
RF10_Exclude3Attack,CaFA,0,0.41156462585034015,0.430952380952381,0.43772270813087133,0.4423431952662722,0.41156462585034015,0.3998938115745384,0.38736903527855604
RF10_Exclude3Attack,SINIFGSM,0,0.6925287356321839,0.5645656596675751,0.8157670210996378,0.6201923076923077,0.6925287356321839,0.5567630417796899,0.7366561106849675
RF10_Exclude3Attack,VNIFGSM,0,0.6508946322067595,0.6006320641864056,0.6772951729851271,0.6129406126295512,0.6508946322067595,0.6028185480969854,0.6608944577015925
RF10_Cluster,baseline,0,0.9607234487345983,0.7992934132499684,0.97415454796542,0.9576028347157157,0.9607234487345983,0.8583075185541388,0.9648138282716293
RF10_Cluster,BIM,0,0.9543191304532068,0.7711405574467347,0.9736238780142662,0.9620308955444337,0.9543191304532068,0.8362858367590207,0.9602274220851603
RF10_Cluster,FGSM,0,0.9570442395925411,0.7755170436095425,0.9748152803730228,0.9635668475087418,0.9570442395925411,0.840628139871281,0.9624767424606686
RF10_Cluster,PGD,0,0.9543191304532068,0.7711405574467347,0.9736238780142662,0.9620308955444337,0.9543191304532068,0.8362858367590207,0.9602274220851603
RF10_Cluster,DF,0,0.9029075804776739,0.8303242261338195,0.9078306253809963,0.8581552874141718,0.9029075804776739,0.843118276993843,0.9048687098602386
RF10_Cluster,AutoPGD,0,0.9127139683784137,0.7297591436770247,0.9560294203054309,0.9344013653728631,0.9127139683784137,0.7877077937179349,0.925945558844128
RF10_Cluster,ZOO,0,0.9579554132797707,0.7869531643046836,0.972910190960082,0.9511561400516381,0.9579554132797707,0.8468436580514165,0.9626104305619924
RF10_Cluster,CaFA,0,0.9974233172143588,0.860129435718441,0.9970533709284631,0.7249375708027763,0.9974233172143588,0.7767929838224362,0.9971256656125236
RF10_Cluster,SINIFGSM,0,0.9486288848263255,0.6985056767388698,0.9711499005021578,0.8879503100447725,0.9486288848263255,0.757359706456677,0.9568688322712463
RF10_Cluster,VNIFGSM,0,0.9543597158483687,0.7698662789219235,0.9739409181786464,0.9635329301593115,0.9543597158483687,0.8355695575086388,0.9603459361991098
RF10_ActiveLearning,baseline,0,0.9157894736842105,0.9562043795620438,0.9231655781790243,0.6571428571428571,0.9157894736842105,0.7162296714238301,0.8957499956329591
RF10_ActiveLearning,BIM,0,0.9148936170212766,0.7272727272727273,0.9613152804642165,0.9541984732824427,0.9148936170212766,0.7885,0.9288085106382978
RF10_ActiveLearning,FGSM,0,0.9097222222222222,0.717391304347826,0.9607487922705314,0.9514925373134329,0.9097222222222222,0.7775401069518717,0.925203010497128
RF10_ActiveLearning,PGD,0,0.9148936170212766,0.7272727272727273,0.9613152804642165,0.9541984732824427,0.9148936170212766,0.7885,0.9288085106382978
RF10_ActiveLearning,DF,0,0.8260869565217391,0.5,1.0,0.41304347826086957,0.8260869565217391,0.4523809523809524,0.9047619047619048
RF10_ActiveLearning,AutoPGD,0,0.9833531510107015,0.8,0.9900118906064209,0.9914634146341463,0.9833531510107015,0.8706949569495694,0.9853623417328109
RF10_ActiveLearning,ZOO,0,0.995366079703429,0.965699548678272,0.995426072688313,0.9758234519104085,0.995366079703429,0.9707017991647704,0.9953909931181144
RF10_ActiveLearning,CaFA,0,0.4,0.3333333333333333,0.5333333333333333,0.25,0.4,0.2857142857142857,0.45714285714285713
RF10_ActiveLearning,SINIFGSM,0,1.0,1.0,1.0,1.0,1.0,1.0,1.0
RF10_ActiveLearning,VNIFGSM,0,0.8366666666666667,0.5775862068965517,0.9746551724137931,0.9158075601374571,0.8366666666666667,0.588362129315897,0.8888852174400044
RF10_ActiveLearning_DensityWeighted,baseline,0,0.7309368191721133,0.7266681250326943,0.747798161022818,0.7372759856630824,0.7309368191721133,0.7263382506822053,0.7339896503544893
RF10_ActiveLearning_DensityWeighted,BIM,0,0.6414950419527079,0.5246923169868641,0.6732947367078067,0.5289165150596321,0.6414950419527079,0.5241636548975999,0.6555531804938729
RF10_ActiveLearning_DensityWeighted,FGSM,0,0.7229241877256317,0.5648891266868795,0.8460937816898552,0.6333592188778099,0.7229241877256317,0.5601741945827967,0.7685617970787413
RF10_ActiveLearning_DensityWeighted,PGD,0,0.6414950419527079,0.5246923169868641,0.6732947367078067,0.5289165150596321,0.6414950419527079,0.5241636548975999,0.6555531804938729
RF10_ActiveLearning_DensityWeighted,DF,0,0.9138038725796377,0.6474013839944709,0.9497420906475974,0.7944234243446842,0.9138038725796377,0.6892049291019582,0.9279960174283376
RF10_ActiveLearning_DensityWeighted,AutoPGD,0,0.8846935811792042,0.8139822794028402,0.8782652810177166,0.7670623486015938,0.8846935811792042,0.7871145584398431,0.8800469610487583
RF10_ActiveLearning_DensityWeighted,ZOO,0,0.762962962962963,0.7441707970613395,0.7763292218084838,0.76007326007326,0.762962962962963,0.748773814451725,0.7666853110139631
RF10_ActiveLearning_DensityWeighted,CaFA,0,0.6563324538258575,0.6125769569041337,0.6377450263736213,0.5920461445051609,0.6563324538258575,0.5932552873630106,0.6393216936909859
RF10_ActiveLearning_DensityWeighted,SINIFGSM,0,0.8666923150908916,0.6639504639406189,0.8789590489420005,0.6939174287646661,0.8666923150908916,0.6768471340836274,0.8722668881057868
RF10_ActiveLearning_DensityWeighted,VNIFGSM,0,0.7516584943755408,0.5815832142464549,0.8208893585428135,0.6292476282941568,0.7516584943755408,0.58877236630842,0.7792043152998156
RF10_ActiveLearning_BatchMode,baseline,0,0.7873485868102288,0.8211250246499704,0.8047576897954829,0.70407278176213,0.7873485868102288,0.7216357462629941,0.7645341564817337
RF10_ActiveLearning_BatchMode,BIM,0,0.6996197718631179,0.6798343409691793,0.7216592391880116,0.6954824809978013,0.6996197718631179,0.6822444914298387,0.7058353193351852
RF10_ActiveLearning_BatchMode,FGSM,0,0.7066276803118908,0.6841549295774647,0.7275505861680805,0.700344761539935,0.7066276803118908,0.6873126235886968,0.7127630512710231
RF10_ActiveLearning_BatchMode,PGD,0,0.6996197718631179,0.6798343409691793,0.7216592391880116,0.6954824809978013,0.6996197718631179,0.6822444914298387,0.7058353193351852
RF10_ActiveLearning_BatchMode,DF,0,0.48051044083526684,0.5146390730332763,0.9818869914810239,0.715801495546538,0.48051044083526684,0.3503835965915719,0.631144574166615
RF10_ActiveLearning_BatchMode,AutoPGD,0,0.9450757575757576,0.9000770686668457,0.945217978463586,0.9021044471244948,0.9450757575757576,0.901086399387891,0.945145163316035
RF10_ActiveLearning_BatchMode,ZOO,0,0.9134856300663228,0.9213193542829221,0.9151873379485803,0.8704639524215468,0.9134856300663228,0.890772769366007,0.9107180966196456
RF10_ActiveLearning_BatchMode,CaFA,0,0.6237623762376238,0.6305746477105106,0.8244147359844732,0.7119244091279544,0.6237623762376238,0.5868213449083644,0.6633944760743126
RF10_ActiveLearning_BatchMode,SINIFGSM,0,0.48252536640360766,0.4577069631485541,0.5030048879707147,0.45490142601106526,0.48252536640360766,0.45421970199674244,0.49079286244323655
RF10_ActiveLearning_BatchMode,VNIFGSM,0,0.6778398510242085,0.6649325365130078,0.6813204751620605,0.6678338171262699,0.6778398510242085,0.6660255672830807,0.6792435283003821
